Spell dam file:
spell, intern, npc_static, npc_no_dice, npc_no_face, pc_static, pc_no_face, pc_no_dice, npc_reduce, use_bonus, bonus, lvl_mult
spell_dam
1 0 0 0 0 0 0 0 100 0 0 0
0
0
SPELL_ARMOR~
2 0 0 0 0 0 0 0 100 0 0 0
0
0
SPELL_TELEPORT~
3 0 0 0 0 0 0 0 100 0 0 0
0
0
SPELL_BLESS~
4 0 0 0 0 0 0 0 100 0 0 0
0
0
SPELL_BLINDNESS~
5 1 2 5 4 2 5 4 100 1 10 0
0
1
SPELL_BURNING_HANDS~
6 1 50 15 5 50 15 5 100 0 0 0
0
0
SPELL_CALL_LIGHTNING~
7 0 0 0 0 0 0 0 100 0 0 0
0
0
SPELL_CHARM~
8 1 5 6 6 5 6 6 100 0 0 0
0
0
Hass a affect of - 4 str SPELL_CHILL_TOUCH ~
9 0 0 0 0 0 0 0 100 0 0 0
0
0
SPELL_CLONE~
10 1 0 10 10 0 8 10 100 0 0 0
0
0
SPELL_COLOR_SPRAY~
11 0 0 0 0 0 0 0 100 0 0 0
0
0
SPELL_CONTROL_WEATHER~
12 0 0 0 0 0 0 0 100 0 0 0
0
0
SPELL_CREATE_FOOD~
13 0 0 0 0 0 0 0 100 0 0 0
0
0
SPELL_CREATE_WATER~
14 0 0 0 0 0 0 0 100 0 0 0
0
0
SPELL_CURE_BLIND~
15 0 0 0 0 0 0 0 100 0 0 0
0
0
SPELL_CURE_CRITIC~
16 0 0 0 0 0 0 0 100 0 0 0
0
0
SPELL_CURE_LIGHT~
17 0 0 0 0 0 0 0 100 0 0 0
0
0
SPELL_CURSE~
18 0 0 0 0 0 0 0 100 0 0 0
0
0
SPELL_DETECT_ALIGN~
19 0 0 0 0 0 0 0 100 0 0 0
0
0
SPELL_DETECT_INVIS ~
20 0 0 0 0 0 0 0 100 0 0 0
0
0
SPELL_DETECT_MAGIC~
21 0 0 0 0 0 0 0 100 0 0 0
0
0
SPELL_DETECT_POISON~
22 1 15 10 5 15 10 5 100 0 0 0
0
0
SPELL_DISPEL_EVIL~
23 1 12 8 7 12 8 7 100 0 50 0
0
0
SPELL_EARTHQUAKE~
24 0 0 0 0 0 0 0 100 0 0 0
0
0
SPELL_ENCHANT_WEAPON~
25 1 0 1 10 0 1 8 100 1 100 0
0
0
If level <= 2 dam = 100, else onlineSPELL_ENERGY_DRAIN~
26 1 30 15 15 20 10 15 100 0 0 0
0
0
SPELL_FIREBALL~
27 1 35 50 6 35 50 2 100 0 0 0
0
0
SPELL_HARM~
28 0 0 0 0 0 0 0 100 0 0 0
0
0
SPELL_HEAL~
29 0 0 0 0 0 0 0 100 0 0 0
0
0
SPELL_INVISIBLE~
30 1 26 12 5 26 12 5 100 0 0 0
0
0
SPELL_LIGHTNING_BOLT~
31 0 0 0 0 0 0 0 100 0 0 0
0
0
SPELL_LOCATE_OBJECT~
32 1 2 4 4 2 4 4 100 0 0 0
This is for One missile.  Spell will cast multiple depending on prof at sphere~
33 0 0 0 0 0 0 0 100 0 0 0
0
0
SPELL_POISON~
34 0 0 0 0 0 0 0 100 0 0 0
0
0
SPELL_PROT_FROM_EVIL~
35 0 0 0 0 0 0 0 100 0 0 0
0
0
SPELL_REMOVE_CURSE ~
36 0 0 0 0 0 0 0 100 0 0 0
0
0
SPELL_SANCTUARY ~
37 1 5 10 5 5 10 5 100 0 0 0
0
0
SPELL_SHOCKING_GRASP~
38 0 0 0 0 0 0 0 100 0 0 0
0
0
SPELL_SLEEP~
39 0 0 0 0 0 0 0 100 0 0 0
0
0
SPELL_STRENGTH~
40 0 0 0 0 0 0 0 100 0 0 0
0
0
SPELL_SUMMON~
41 0 0 0 0 0 0 0 100 0 0 0
0
0
SPELL_VENTRILOQUATE~
42 0 0 0 0 0 0 0 100 0 0 0
0
0
SPELL_WORD_OF_RECALL~
43 0 0 0 0 0 0 0 100 0 0 0
0
0
SPELL_REMOVE_POISON~
44 0 0 0 0 0 0 0 100 0 0 0
0
0
SPELL_SENSE_LIFE~
45 0 0 0 0 0 0 0 100 0 0 0
0
0
SPELL_ANIMATE_DEAD~
46 1 15 10 5 15 10 5 100 0 0 0
0
0
SPELL_DISPEL_GOOD~
47 0 0 0 0 0 0 0 100 0 0 0
0
0
SPELL_GROUP_ARMOR~
48 0 0 0 0 0 0 0 100 0 0 0
0
0
SPELL_GROUP_HEAL~
49 0 0 0 0 0 0 0 100 0 0 0
0
0
SPELL_GROUP_RECALL~
50 0 0 0 0 0 0 0 100 0 0 0
0
0
SPELL_INFRAVISION~
51 0 0 0 0 0 0 0 100 0 0 0
0
0
SPELL_WATERWALK~
52 0 0 0 0 0 0 0 100 0 0 0
0
0
SPELL_STONE_SKIN~
53 0 0 0 0 0 0 0 100 0 0 0
0
0
SPELL_FULL_HEAL~
54 1 50 50 14 50 50 3 100 0 0 0
0
0
SPELL_FULL_HARM~
55 0 0 0 0 0 0 0 100 0 0 0
0
0
SPELL_WALL_OF_FOG ~
56 0 0 0 0 0 0 0 100 0 0 0
0
0
SPELL_WALL_OF_STONE~
57 0 0 0 0 0 0 0 100 0 0 0
0
0
SPELL_FLY~
58 0 0 0 0 0 0 0 100 0 0 0
0
0
SPELL_SUMMON_DRACOLICH~
59 0 0 0 0 0 0 0 100 0 0 0
0
0
SPELL_SUMMON_ELEMENTAL~
60 0 0 0 0 0 0 0 100 0 0 0
0
0
SPELL_SUMMON_DEMON~
61 0 0 0 0 0 0 0 100 0 0 0
0
0
SPELL_SUMMON_GREATER_DEMON~
62 0 0 0 0 0 0 0 100 0 0 0
0
0
SPELL_DIMENSION_DOOR~
63 0 0 0 0 0 0 0 100 0 0 0
0
0
SPELL_CREEPING_DOOM~
64 1 150 10 10 100 10 10 100 0 0 0
0
0
SPELL_DOOM~
65 1 50 50 10 80 15 15 100 0 0 0
0
0
SPELL_METEORSWARM~
66 1 350 20 15 125 25 10 100 0 0 0
0
0
Should do a lot of damSPELL_BIGBYS_CLENCHED_FIST~
67 0 0 0 0 0 0 0 100 0 0 0
0
0
SPELL_FARSEE~
68 0 0 0 0 0 0 0 100 0 0 0
0
0
SPELL_HASTE~
69 0 0 0 0 0 0 0 100 0 0 0
0
0
SPELL_BLUR~
70 0 0 0 0 0 0 0 100 0 0 0
0
0
SPELL_VITALITY~
71 0 0 0 0 0 0 0 100 0 0 0
0
0
SPELL_MOONWELL~
72 0 0 0 0 0 0 0 100 0 0 0
0
0
SPELL_INN_STRENGTH~
73 0 0 0 0 0 0 0 100 0 0 0
0
0
SPELL_DARKNESS~
74 0 0 0 0 0 0 0 100 0 0 0
0
0
SPELL_CONTINUAL_LIGHT~
75 0 0 0 0 0 0 0 100 0 0 0
0
0
SPELL_COMPREHEND_LANG~
76 1 40 12 5 40 12 5 100 0 0 0
0
0
SPELL_CONE_OF_COLD ~
77 1 35 20 5 35 20 5 100 0 0 0
0
0
SPELL_ICE_STORM~
78 1 300 20 20 50 20 20 100 0 0 0
0
0
SPELL_ICE_SHARDS~
79 0 0 0 0 0 0 0 100 0 0 0
0
0
SPELL_MAJOR_PARALYSIS~
80 1 0 1 50 0 1 50 100 1 100 0
0
0
SPELL_VAMPIRIC_BREATH if lvl(ch) <= 20 dice is 1d20, if lvl(victem) <= 25, dam = 20 else its online and ch's hitpoints increase by damage given.~
81 0 0 0 0 0 0 0 100 0 0 0
0
0
SPELL_RESURRECT~
82 0 0 0 0 0 0 0 100 0 0 0
0
0
SPELL_INCENDIARY_NEBULA~
83 0 0 0 0 0 0 0 100 0 0 0
0
0
SPELL_MINOR_PARALYSIS~
84 1 2 4 4 2 4 4 100 0 0 0
0
0
SPELL_CAUSE_LIGHT~
85 1 5 6 5 5 6 5 100 0 0 0
0
0
SPELL_CAUSE_SERIOUS~
86 1 9 8 6 9 8 6 100 0 0 0
0
0
SPELL_CAUSE_CRITIC~
87 0 0 0 0 0 0 0 100 0 0 0
0
0
SPELL_PRESERVE~
88 0 0 0 0 0 0 0 100 0 0 0
0
0
SPELL_CURE_SERIOUS~
89 0 0 0 0 0 0 0 100 0 0 0
0
0
SPELL_VIGORIZE_LIGHT~
90 0 0 0 0 0 0 0 100 0 0 0
0
0
SPELL_VIGORIZE_SERIOUS~
91 0 0 0 0 0 0 0 100 0 0 0
0
0
SPELL_VIGORIZE_CRITIC~
92 0 0 0 0 0 0 0 100 0 0 0
0
0
SPELL_SOULSHIELD~
93 1 40 18 5 0 0 0 100 0 0 0
0
0
SPELL_DESTROY_UNDEAD~
94 0 0 0 0 0 0 0 100 0 0 0
0
0
SPELL_SILENCE~
95 1 8 8 9 8 8 9 100 0 0 0
0
0
SPELL_FLAMESTRIKE~
96 1 35 20 5 35 20 5 100 0 0 0
0
0
SPELL_UNHOLY_WORD~
97 1 35 20 5 35 20 5 100 0 0 0
0
0
SPELL_HOLY_WORD~
98 0 0 0 0 0 0 0 100 0 0 0
0
0
SPELL_PLANE_SHIFT~
99 0 0 0 0 0 0 0 100 0 0 0
0
0
SPELL_DISPEL_MAGIC ~
100 0 0 0 0 0 0 0 100 0 0 0
0
0
SPELL_MINOR_CREATION~
101 0 0 0 0 0 0 0 100 0 0 0
0
0
SPELL_CONCEALMENT~
102 0 0 0 0 0 0 0 100 0 0 0
0
0
SPELL_RAY_OF_ENFEEB~
103 0 0 0 0 0 0 0 100 0 0 0
0
0
SPELL_LEVITATE~
104 0 0 0 0 0 0 0 100 0 0 0
0
0
SPELL_WIZARD_EYE~
105 0 0 0 0 0 0 0 100 0 0 0
0
0
SPELL_FIRESHIELD~
106 0 0 0 0 0 0 0 100 0 0 0
0
0
SPELL_COLDSHIELD~
107 0 0 0 0 0 0 0 100 0 0 0
0
0
SPELL_MINOR_GLOBE~
108 0 0 0 0 0 0 0 100 0 0 0
0
0
SPELL_MAJOR_GLOBE~
109 1 0 10 20 0 10 20 100 0 0 0
0
0
SPELL_DISINTEGRATE~
110 0 0 0 0 0 0 0 100 0 0 0
0
0
SPELL_HARNESS~
111 1 26 12 5 0 12 5 100 0 0 0
0
0
SPELL_CHAIN_LIGHTNING~
112 0 0 0 0 0 0 0 100 0 0 0
0
0
SPELL_MASS_INVIS~
113 0 0 0 0 0 0 0 100 0 0 0
0
0
SPELL_RELOCATE~
114 0 0 0 0 0 0 0 100 0 0 0
0
0
SPELL_FEAR~
115 0 0 0 0 0 0 0 100 0 0 0
0
0
SPELL_CIRCLE_OF_LIGHT~
116 1 9 12 4 9 12 4 100 0 0 0
0
0
SPELL_DIVINE_BOLT~
117 0 0 0 0 0 0 0 100 0 0 0
0
0
SPELL_PRAYER~
118 0 0 0 0 0 0 0 100 0 0 0
0
0
SPELL_ELEMENTAL_WARDING~
119 1 0 10 10 0 5 10 100 0 75 2
0
0
SPELL_DIVINE_RAY~
120 1 50 50 5 50 50 5 100 0 0 0
0
0
SPELL_LESSER_EXORCISM~
121 0 0 0 0 0 0 0 100 0 0 0
0
0
SPELL_LESSER_INVOCATION~
122 0 0 0 0 0 0 0 100 0 0 0
0
0
SPELL_SPEAK_IN_TONGUES~
123 0 0 0 0 0 0 0 100 0 0 0
0
0
SPELL_ENLIGHTENMENT~
124 0 0 0 0 0 0 0 100 0 0 0
0
0
SPELL_EXORCISM~
125 0 0 0 0 0 0 0 100 0 0 0
0
0
SPELL_GREATER_INVOCATION~
126 0 0 0 0 0 0 0 100 0 0 0
0
0
SPELL_WINGS_OF_HEAVEN~
127 0 0 0 0 0 0 0 100 0 0 0
0
0
SPELL_BANISH~
128 0 0 0 0 0 0 0 100 0 0 0
0
0
SPELL_WORD_OF_COMMAND~
129 0 0 0 0 0 0 0 100 0 0 0
0
0
SPELL_DIVINE_ESSENCE~
130 0 0 0 0 0 0 0 100 0 0 0
0
0
SPELL_HEAVENS_GATE~
131 0 0 0 0 0 0 0 100 0 0 0
0
0
SPELL_DARK_PRESENCE~
132 0 0 0 0 0 0 0 100 0 0 0
0
0
SPELL_DEMONSKIN~
133 0 0 0 0 0 0 0 100 0 0 0
0
0
SPELL_DARK_FEAST~
134 1 0 10 10 0 5 6 100 0 0 0
0
0
SPELL_HELL_BOLT~
135 0 0 0 0 0 0 0 100 0 0 0
0
0
SPELL_DISEASE~
136 0 0 0 0 0 0 0 100 0 0 0
0
0
SPELL_INSANITY~
137 0 0 0 0 0 0 0 100 0 0 0
0
0
SPELL_DEMONIC_ASPECT~
138 1 25 30 5 0 10 8 100 0 0 0
0
0
SPELL_HELLFIRE_BRIMSTONE~
139 1 36 12 5 36 12 5 100 0 0 0
0
0
SPELL_STYGIAN_ERUPTION~
140 0 0 0 0 0 0 0 100 0 0 0
0
0
SPELL_DEMONIC_MUTATION~
141 0 0 0 0 0 0 0 100 0 0 0
0
0
SPELL_WINGS_OF_HELL~
142 0 0 0 0 0 0 0 100 0 0 0
0
0
SPELL_SANE_MIND~
143 0 0 0 0 0 0 0 100 0 0 0
0
0
SPELL_HELLS_GATE~
144 0 0 0 0 0 0 0 100 0 0 0
0
0
SPELL_BARKSKIN ~
145 0 0 0 0 0 0 0 100 0 0 0
0
0
SPELL_NIGHT_VISION~
146 1 9 8 6 9 8 6 100 0 0 0
0
0
SPELL_WRITHING_WEEDS~
147 0 0 0 0 0 0 0 100 0 0 0
0
0
SPELL_CREATE_SPRING~
148 0 0 0 0 0 0 0 100 0 0 0
0
0
SPELL_NOURISHMENT~
149 0 0 0 0 0 0 0 100 0 0 0
0
0
SPELL_GAIAS_CLOAK~
150 0 0 0 0 0 0 0 100 0 0 0
0
0
SPELL_NATURES_EMBRACE~
151 0 0 0 0 0 0 0 100 0 0 0
0
0
SPELL_ENTANGLE~
152 0 0 0 0 0 0 0 100 0 0 0
0
0
SPELL_INVIGORATE~
153 0 0 0 0 0 0 0 100 0 0 0
0
0
SPELL_WANDERING_WOODS~
154 0 0 0 0 0 0 0 100 0 0 0
0
0
SPELL_URBAN_RENEWAL~
155 1 0 20 10 0 30 10 100 0 0 0
0
0
SPELL_SUNRAY~
156 0 0 0 0 0 0 0 100 0 0 0
0
0
SPELL_ARMOR_OF_GAIA~
157 1 2 4 4 2 4 4 100 0 0 0
0
0
SPELL_FIRE_DARTS~
158 0 0 0 0 0 0 0 100 0 0 0
0
0
SPELL_MAGIC_TORCH~
159 0 0 0 0 0 0 0 100 0 0 0
0
0
SPELL_SMOKE~
160 0 0 0 0 0 0 0 100 0 0 0
0
0
SPELL_MIRAGE~
161 0 0 0 0 0 0 0 100 0 0 0
0
0
SPELL_FLAME_BLADE~
162 1 40 20 5 40 20 5 100 0 0 0
0
0
SPELL_HEATWAVE ~
163 1 0 10 10 0 5 12 100 0 0 0
0
0
SPELL_FIRESTORM~
164 1 0 10 10 0 10 10 100 0 0 0
0
0
SPELL_MELT~
165 1 0 10 10 0 10 10 100 0 0 0
0
0
SPELL_CIRCLE_OF_FIRE~
166 1 0 10 5 0 10 4 100 0 0 0
0
0
SPELL_IMMOLATE~
167 1 300 20 20 50 20 20 100 0 0 0
0
0
SPELL_SUPERNOVA~
168 1 350 20 15 125 25 10 100 0 0 0
0
0
SPELL_GREATER_FIREWALK~
169 0 0 0 0 0 0 0 100 0 0 0
0
0
SPELL_NEGATE_HEAT~
170 1 300 20 14 125 25 10 100 0 0 0
0
0
SPELL_FIREWALK~
171 1 2 4 4 2 4 4 100 0 0 0
0
0
SPELL_ICE_DARTS~
172 0 0 0 0 0 0 0 100 0 0 0
0
0
SPELL_ICE_ARMOR~
173 0 0 0 0 0 0 0 100 0 0 0
0
0
SPELL_ICE_DAGGER~
174 0 100 0 0 0 0 0 100 0 0 0
0
0
SPELL_FREEZING_WIND~
175 1 350 20 14 125 25 10 100 0 0 0
0
0
SPELL_FREEZE~
176 0 0 0 0 0 0 0 100 0 0 0
0
0
SPELL_WALL_OF_ICE~
177 1 25 20 10 0 20 5 100 0 0 0
0
0
SPELL_ICEBALL~
178 1 50 50 10 0 15 15 100 0 0 0
0
0
SPELL_FLOOD~
179 0 0 0 0 0 0 0 100 0 0 0
0
0
SPELL_GREATER_WATERWALK~
180 0 0 0 0 0 0 0 100 0 0 0
0
0
SPELL_NEGATE_COLD~
181 0 0 0 0 0 0 0 100 0 0 0
0
0
SPELL_WATERFORM~
182 0 0 0 0 0 0 0 100 0 0 0
0
0
SPELL_DOUSE~
183 0 0 0 0 0 0 0 100 0 0 0
0
0
SPELL_RAIN~
184 0 0 0 0 0 0 0 100 0 0 0
0
0
SPELL_REDUCE~
185 0 0 0 0 0 0 0 100 0 0 0
0
0
SPELL_ENLARGE ~
186 0 0 0 0 0 0 0 100 0 0 0
0
0
~
187 0 0 0 0 0 0 0 100 0 0 0
0
0
~
188 0 0 0 0 0 0 0 100 0 0 0
0
0
~
189 0 0 0 0 0 0 0 100 0 0 0
0
0
~
190 0 0 0 0 0 0 0 100 0 0 0
0
0
~
191 0 0 0 0 0 0 0 100 0 0 0
0
0
~
192 0 0 0 0 0 0 0 100 0 0 0
0
0
~
193 0 0 0 0 0 0 0 100 0 0 0
0
0
~
194 0 0 0 0 0 0 0 100 0 0 0
0
0
~
195 0 0 0 0 0 0 0 100 0 0 0
0
0
~
196 0 0 0 0 0 0 0 100 0 0 0
0
0
~
197 0 0 0 0 0 0 0 100 0 0 0
0
0
~
198 0 0 0 0 0 0 0 100 0 0 0
0
0
~
199 0 0 0 0 0 0 0 100 0 0 0
0
0
~
200 0 0 0 0 0 0 0 100 0 0 0
0
0
~
201 0 0 0 0 0 0 0 100 0 0 0
0
0
~
202 0 0 0 0 0 0 0 100 0 0 0
0
0
~
203 0 0 0 0 0 0 0 100 0 0 0
0
0
~
204 0 0 0 0 0 0 0 100 0 0 0
0
0
~
205 0 0 0 0 0 0 0 100 0 0 0
0
0
~
206 0 0 0 0 0 0 0 100 0 0 0
0
0
~
207 0 0 0 0 0 0 0 100 0 0 0
0
0
~
208 0 0 0 0 0 0 0 100 0 0 0
0
0
~
209 0 0 0 0 0 0 0 100 0 0 0
0
0
~
210 0 0 0 0 0 0 0 100 0 0 0
0
0
~
211 0 0 0 0 0 0 0 100 0 0 0
0
0
~
212 0 0 0 0 0 0 0 100 0 0 0
0
0
~
213 0 0 0 0 0 0 0 100 0 0 0
0
0
~
214 0 0 0 0 0 0 0 100 0 0 0
0
0
~
215 0 0 0 0 0 0 0 100 0 0 0
0
0
~
216 0 0 0 0 0 0 0 100 0 0 0
0
0
~
217 0 0 0 0 0 0 0 100 0 0 0
0
0
~
218 0 0 0 0 0 0 0 100 0 0 0
0
0
~
219 0 0 0 0 0 0 0 100 0 0 0
0
0
~
220 0 0 0 0 0 0 0 100 0 0 0
0
0
~
221 0 0 0 0 0 0 0 100 0 0 0
0
0
~
222 0 0 0 0 0 0 0 100 0 0 0
0
0
~
223 0 0 0 0 0 0 0 100 0 0 0
0
0
~
224 0 0 0 0 0 0 0 100 0 0 0
0
0
~
225 0 0 0 0 0 0 0 100 0 0 0
0
0
~
226 0 0 0 0 0 0 0 100 0 0 0
0
0
~
227 0 0 0 0 0 0 0 100 0 0 0
0
0
~
228 0 0 0 0 0 0 0 100 0 0 0
0
0
~
229 0 0 0 0 0 0 0 100 0 0 0
0
0
~
230 0 0 0 0 0 0 0 100 0 0 0
0
0
~
231 0 0 0 0 0 0 0 100 0 0 0
0
0
~
232 0 0 0 0 0 0 0 100 0 0 0
0
0
~
233 0 0 0 0 0 0 0 100 0 0 0
0
0
~
234 0 0 0 0 0 0 0 100 0 0 0
0
0
~
235 0 0 0 0 0 0 0 100 0 0 0
0
0
~
236 0 0 0 0 0 0 0 100 0 0 0
0
0
~
237 0 0 0 0 0 0 0 100 0 0 0
0
0
~
238 0 0 0 0 0 0 0 100 0 0 0
0
0
~
239 0 0 0 0 0 0 0 100 0 0 0
0
0
~
240 0 0 0 0 0 0 0 100 0 0 0
0
0
~
241 0 0 0 0 0 0 0 100 0 0 0
0
0
~
242 0 0 0 0 0 0 0 100 0 0 0
0
0
~
243 0 0 0 0 0 0 0 100 0 0 0
0
0
~
244 0 0 0 0 0 0 0 100 0 0 0
0
0
~
245 0 0 0 0 0 0 0 100 0 0 0
0
0
~
246 0 0 0 0 0 0 0 100 0 0 0
0
0
~
247 0 0 0 0 0 0 0 100 0 0 0
0
0
~
248 0 0 0 0 0 0 0 100 0 0 0
0
0
~
249 0 0 0 0 0 0 0 100 0 0 0
0
0
~
250 0 0 0 0 0 0 0 100 0 0 0
0
0
~
251 0 0 0 0 0 0 0 100 0 0 0
0
0
~
252 0 0 0 0 0 0 0 100 0 0 0
0
0
~
253 0 0 0 0 0 0 0 100 0 0 0
0
0
~
254 0 0 0 0 0 0 0 100 0 0 0
0
0
~
255 0 0 0 0 0 0 0 100 0 0 0
0
0
~
256 0 0 0 0 0 0 0 100 0 0 0
0
0
~
257 0 0 0 0 0 0 0 100 0 0 0
0
0
~
258 0 0 0 0 0 0 0 100 0 0 0
0
0
~
259 0 0 0 0 0 0 0 100 0 0 0
0
0
~
260 0 0 0 0 0 0 0 100 0 0 0
0
0
~
261 0 0 0 0 0 0 0 100 0 0 0
0
0
~
262 0 0 0 0 0 0 0 100 0 0 0
0
0
~
263 0 0 0 0 0 0 0 100 0 0 0
0
0
~
264 0 0 0 0 0 0 0 100 0 0 0
0
0
~
265 0 0 0 0 0 0 0 100 0 0 0
0
0
~
266 0 0 0 0 0 0 0 100 0 0 0
0
0
~
267 0 0 0 0 0 0 0 100 0 0 0
0
0
~
268 0 0 0 0 0 0 0 100 0 0 0
0
0
~
269 0 0 0 0 0 0 0 100 0 0 0
0
0
~
270 0 0 0 0 0 0 0 100 0 0 0
0
0
~
271 0 0 0 0 0 0 0 100 0 0 0
0
0
~
272 0 0 0 0 0 0 0 100 0 0 0
0
0
~
273 0 0 0 0 0 0 0 100 0 0 0
0
0
~
274 0 0 0 0 0 0 0 100 0 0 0
0
0
~
275 0 0 0 0 0 0 0 100 0 0 0
0
0
~
276 0 0 0 0 0 0 0 100 0 0 0
0
0
~
277 0 0 0 0 0 0 0 100 0 0 0
0
0
~
278 0 0 0 0 0 0 0 100 0 0 0
0
0
~
279 0 0 0 0 0 0 0 100 0 0 0
0
0
~
280 0 0 0 0 0 0 0 100 0 0 0
0
0
~
281 0 0 0 0 0 0 0 100 0 0 0
0
0
~
282 0 0 0 0 0 0 0 100 0 0 0
0
0
~
283 0 0 0 0 0 0 0 100 0 0 0
0
0
~
284 0 0 0 0 0 0 0 100 0 0 0
0
0
~
285 0 0 0 0 0 0 0 100 0 0 0
0
0
~
286 0 0 0 0 0 0 0 100 0 0 0
0
0
~
287 0 0 0 0 0 0 0 100 0 0 0
0
0
~
288 0 0 0 0 0 0 0 100 0 0 0
0
0
~
289 0 0 0 0 0 0 0 100 0 0 0
0
0
~
290 0 0 0 0 0 0 0 100 0 0 0
0
0
~
291 0 0 0 0 0 0 0 100 0 0 0
0
0
~
292 0 0 0 0 0 0 0 100 0 0 0
0
0
~
293 0 0 0 0 0 0 0 100 0 0 0
0
0
~
294 0 0 0 0 0 0 0 100 0 0 0
0
0
~
295 0 0 0 0 0 0 0 100 0 0 0
0
0
~
296 0 0 0 0 0 0 0 100 0 0 0
0
0
~
297 0 0 0 0 0 0 0 100 0 0 0
0
0
~
298 0 0 0 0 0 0 0 100 0 0 0
0
0
~
299 0 0 0 0 0 0 0 100 0 0 0
0
0
~
300 0 0 0 0 0 0 0 100 0 0 0
0
0
~
301 0 0 0 0 0 0 0 100 0 0 0
0
0
~
302 0 0 0 0 0 0 0 100 0 0 0
0
0
~
303 0 0 0 0 0 0 0 100 0 0 0
0
0
~
304 0 0 0 0 0 0 0 100 0 0 0
0
0
~
305 0 0 0 0 0 0 0 100 0 0 0
0
0
~
306 0 0 0 0 0 0 0 100 0 0 0
0
0
~
307 0 0 0 0 0 0 0 100 0 0 0
0
0
~
308 0 0 0 0 0 0 0 100 0 0 0
0
0
~
309 0 0 0 0 0 0 0 100 0 0 0
0
0
~
310 0 0 0 0 0 0 0 100 0 0 0
0
0
~
311 0 0 0 0 0 0 0 100 0 0 0
0
0
~
312 0 0 0 0 0 0 0 100 0 0 0
0
0
~
313 0 0 0 0 0 0 0 100 0 0 0
0
0
~
314 0 0 0 0 0 0 0 100 0 0 0
0
0
~
315 0 0 0 0 0 0 0 100 0 0 0
0
0
~
316 0 0 0 0 0 0 0 100 0 0 0
0
0
~
317 0 0 0 0 0 0 0 100 0 0 0
0
0
~
318 0 0 0 0 0 0 0 100 0 0 0
0
0
~
319 0 0 0 0 0 0 0 100 0 0 0
0
0
~
320 0 0 0 0 0 0 0 100 0 0 0
0
0
~
321 0 0 0 0 0 0 0 100 0 0 0
0
0
~
322 0 0 0 0 0 0 0 100 0 0 0
0
0
~
323 0 0 0 0 0 0 0 100 0 0 0
0
0
~
324 0 0 0 0 0 0 0 100 0 0 0
0
0
~
325 0 0 0 0 0 0 0 100 0 0 0
0
0
~
326 0 0 0 0 0 0 0 100 0 0 0
0
0
~
327 0 0 0 0 0 0 0 100 0 0 0
0
0
~
328 0 0 0 0 0 0 0 100 0 0 0
0
0
~
329 0 0 0 0 0 0 0 100 0 0 0
0
0
~
330 0 0 0 0 0 0 0 100 0 0 0
0
0
~
331 0 0 0 0 0 0 0 100 0 0 0
0
0
~
332 0 0 0 0 0 0 0 100 0 0 0
0
0
~
333 0 0 0 0 0 0 0 100 0 0 0
0
0
~
334 0 0 0 0 0 0 0 100 0 0 0
0
0
~
335 0 0 0 0 0 0 0 100 0 0 0
0
0
~
336 0 0 0 0 0 0 0 100 0 0 0
0
0
~
337 0 0 0 0 0 0 0 100 0 0 0
0
0
~
338 0 0 0 0 0 0 0 100 0 0 0
0
0
~
339 0 0 0 0 0 0 0 100 0 0 0
0
0
~
340 0 0 0 0 0 0 0 100 0 0 0
0
0
~
341 0 0 0 0 0 0 0 100 0 0 0
0
0
~
342 0 0 0 0 0 0 0 100 0 0 0
0
0
~
343 0 0 0 0 0 0 0 100 0 0 0
0
0
~
344 0 0 0 0 0 0 0 100 0 0 0
0
0
~
345 0 0 0 0 0 0 0 100 0 0 0
0
0
~
346 0 0 0 0 0 0 0 100 0 0 0
0
0
~
347 0 0 0 0 0 0 0 100 0 0 0
0
0
~
348 0 0 0 0 0 0 0 100 0 0 0
0
0
~
349 0 0 0 0 0 0 0 100 0 0 0
0
0
~
350 0 0 0 0 0 0 0 100 0 0 0
0
0
~
351 0 0 0 0 0 0 0 100 0 0 0
0
0
~
352 0 0 0 0 0 0 0 100 0 0 0
0
0
~
353 0 0 0 0 0 0 0 100 0 0 0
0
0
~
354 0 0 0 0 0 0 0 100 0 0 0
0
0
~
355 0 0 0 0 0 0 0 100 0 0 0
0
0
~
356 0 0 0 0 0 0 0 100 0 0 0
0
0
~
357 0 0 0 0 0 0 0 100 0 0 0
0
0
~
358 0 0 0 0 0 0 0 100 0 0 0
0
0
~
359 0 0 0 0 0 0 0 100 0 0 0
0
0
~
360 0 0 0 0 0 0 0 100 0 0 0
0
0
~
361 0 0 0 0 0 0 0 100 0 0 0
0
0
~
362 0 0 0 0 0 0 0 100 0 0 0
0
0
~
363 0 0 0 0 0 0 0 100 0 0 0
0
0
~
364 0 0 0 0 0 0 0 100 0 0 0
0
0
~
365 0 0 0 0 0 0 0 100 0 0 0
0
0
~
366 0 0 0 0 0 0 0 100 0 0 0
0
0
~
367 0 0 0 0 0 0 0 100 0 0 0
0
0
~
368 0 0 0 0 0 0 0 100 0 0 0
0
0
~
369 0 0 0 0 0 0 0 100 0 0 0
0
0
~
370 0 0 0 0 0 0 0 100 0 0 0
0
0
~
371 0 0 0 0 0 0 0 100 0 0 0
0
0
~
372 0 0 0 0 0 0 0 100 0 0 0
0
0
~
373 0 0 0 0 0 0 0 100 0 0 0
0
0
~
374 0 0 0 0 0 0 0 100 0 0 0
0
0
~
375 0 0 0 0 0 0 0 100 0 0 0
0
0
~
376 0 0 0 0 0 0 0 100 0 0 0
0
0
~
377 0 0 0 0 0 0 0 100 0 0 0
0
0
~
378 0 0 0 0 0 0 0 100 0 0 0
0
0
~
379 0 0 0 0 0 0 0 100 0 0 0
0
0
~
380 0 0 0 0 0 0 0 100 0 0 0
0
0
~
381 0 0 0 0 0 0 0 100 0 0 0
0
0
~
382 0 0 0 0 0 0 0 100 0 0 0
0
0
~
383 0 0 0 0 0 0 0 100 0 0 0
0
0
~
384 0 0 0 0 0 0 0 100 0 0 0
0
0
~
385 0 0 0 0 0 0 0 100 0 0 0
0
0
~
386 0 0 0 0 0 0 0 100 0 0 0
0
0
~
387 0 0 0 0 0 0 0 100 0 0 0
0
0
~
388 0 0 0 0 0 0 0 100 0 0 0
0
0
~
389 0 0 0 0 0 0 0 100 0 0 0
0
0
~
390 0 0 0 0 0 0 0 100 0 0 0
0
0
~
391 0 0 0 0 0 0 0 100 0 0 0
0
0
~
392 0 0 0 0 0 0 0 100 0 0 0
0
0
~
393 0 0 0 0 0 0 0 100 0 0 0
0
0
~
394 0 0 0 0 0 0 0 100 0 0 0
0
0
~
395 0 0 0 0 0 0 0 100 0 0 0
0
0
~
396 0 0 0 0 0 0 0 100 0 0 0
0
0
~
397 0 0 0 0 0 0 0 100 0 0 0
0
0
~
398 0 0 0 0 0 0 0 100 0 0 0
0
0
~
399 0 0 0 0 0 0 0 100 0 0 0
0
0
~
400 0 0 0 0 0 0 0 100 0 0 0
0
0
MAX_SPELLS~
