15682 Abinadi 45 0 1616879637
13803 Acerite 101 e0 1606777310
2777 Acryl 99 0 1384321074
9390 Aebel 99 0 1366941038
15152 Ahaz 99 0 1456527193
16216 Ahlisse 99 0 1570755227
14442 Akiko 85 0 1597543974
16320 Aldarien 99 0 1460857421
15040 Andar 53 0 1551646261
15473 Andron 72 0 1737902003
14173 Aneki 99 0 1691828303
61 Ansul 99 0 1738028521
14581 Anulo 99 0 1590252521
15234 Aran 99 0 1726705390
2176 Areidryk 101 0 955934007
14332 Arius 90 0 1456527181
15061 Arlian 102 e0 1563163105
15679 Ashara 31 0 1453961784
14220 Ashyer 99 e0 1656865487
9944 Atax 99 0 1738195427
185 Azkrael 100 0 1040992682
13958 Beltre 99 0 1713231682
16535 Blyz 99 0 1334980389
16283 Bomnor 99 0 1707999413
4810 Borath 99 0 1732853412
16381 Brunir 99 0 1625885743
7733 Bugegy 99 0 1570759268
16788 Buro 1 0 1428625360
6992 Caff 99 0 1738115983
16016 Caleuche 99 0 1393128212
679 Carvo 99 0 1571873758
12183 Casus 99 0 1434393572
16229 Cavoyar 90 0 1737335834
15917 Ceinwen 99 0 1644089295
15694 Cerea 99 0 1736095937
11925 Childress 99 0 1645132918
14834 Choak 99 0 1738946069
10956 Corana 99 0 1717469691
13782 Coriantumr 99 0 1704511904
15912 Cronax 104 0 1242172616
15888 Currrie 99 0 1557548052
15104 Daed 99 0 1738027523
16101 Daedela 104 0 1739086949
16383 Daegara 1 a0 1645240755
15414 Dakhod 102 e0 1718015438
15931 Darst 99 0 1674131310
6551 Demolitum 102 0 1130560494
16787 Doda 1 0 1443220525
11378 Dominio 1 a0 1645240933
12043 Dorath 99 0 1737341314
14071 Drabous 98 0 1437297681
10014 Drark 91 0 1325867943
4062 Drazlin 99 0 1312700657
6899 Drit 99 e0 1574445342
15638 Drunjik 99 0 1312701533
14135 Drylin 99 0 1437297750
13732 Dyren 99 0 1334980397
409 Ehlissa 100 e0 1570572232
15067 Eiremar 102 0 1163294789
1075 Elron 99 0 1383619634
15332 Eone 99 e0 1738029657
5256 Ermenegildo 99 0 1644792975
16070 Etriny 99 0 1419993176
15383 Etwel 99 0 1738199677
14476 Faegern 99 0 1649566734
15474 Fahl 99 0 1618556889
15131 Fasq 99 0 1649569107
14690 Fayris 99 0 1649565009
13038 Fel 78 0 1434393617
1076 Fela 99 0 1365128502
14796 Figh 99 0 1649569607
33 Fingh 100 0 1619207094
16143 Flaite 99 0 1460857125
2996 Flam 99 0 1587083739
13986 Flike 95 e0 1650591520
14699 Fohen 99 0 1650591357
15307 Foosha 99 0 1649559588
12568 Fredonia 99 0 1735087478
15238 Gaidin 99 0 1726685714
16262 Ganthiel 99 0 1393128225
7869 Garnx 99 0 1335731504
15988 Geeter 99 0 1570755054
14924 Gidion 99 0 1739030180
16140 Giji 99 0 1351987632
15967 Gimby 58 0 1379978503
16790 Glp 99 0 1451353196
16409 Gorath 99 0 1732853347
16502 Gorukai 99 0 1645190394
8430 Graeme 99 0 1734023417
9606 Groendul 99 0 1434393805
16507 Gronar 99 0 1644109986
16377 Grysi 99 0 1312718981
1315 Gung 99 0 1637971343
173 Gurlaek 104 0 1200966585
15541 Helam 99 0 1453961776
16794 Hinn 99 0 1383629862
390 Holk 99 0 1738757799
14365 Ija 99 0 1738972604
16384 Jagvor 99 0 1640901354
14290 Janara 99 0 1737500187
14 Jandar 99 0 1378258073
14675 Janik 99 0 1696293211
42 Jehara 100 0 1642793480
9251 Jelos 103 0 1660520784
7790 Jermi 99 0 1370750604
5389 Jomark 99 e0 1325867940
15566 Juevet 99 0 1312768665
15602 Jysten 99 0 1312774480
8513 Kaan 99 0 1383629834
8283 Kaen 99 0 1371075230
156 Kai 99 0 1374765912
7014 Kampa 99 0 1316226603
7028 Kampo 99 0 1316226903
5349 Karde 99 e0 1325879478
16202 Kardel 73 0 1411630636
7427 Karin 100 0 993749065
15140 Karon 99 0 1376956059
13442 Karye 99 0 1531470515
12346 Kaylessa 99 0 1735415697
9049 Kazen 100 0 1646367633
15777 Kehold 99 0 1723872292
3844 Kehr 89 0 1732058821
14331 Keldara 99 0 1365128208
3691 Keoni 99 0 1374782856
16639 Kerix 99 0 1732500516
13490 Keylessa 99 0 1697435269
4412 Kien 102 0 1136084700
16554 Kilop 61 0 1737902118
14677 Kip 99 0 1334980381
15524 Kourrya 104 e0 1379897233
16107 Kragar 99 0 1493420203
15738 Kravax 99 0 1717459110
14280 Kraz 99 0 1717459136
10595 Kress 99 0 1730700951
9889 Kresselack 99 0 1739073170
15590 Krytonius 99 0 1312773087
15900 Kur 99 0 1570759285
2905 Lacse 99 0 1738803223
10019 Laich 100 0 1279863325
14481 Laisha 44 0 1611458112
12376 Landon 99 0 1717278811
307 Lani 99 0 1376701554
15527 Laoris 103 0 1576219229
13259 Layloth 99 0 1552771072
16662 Laz 10 0 1443553146
7320 Leyse 99 0 1383621048
16581 Lissa 11 0 1429667285
2224 Maki 99 0 1365128156
13919 Marik 88 0 1713048140
10254 Maxus 99 0 1717957748
15706 Mecke 99 0 1460856667
5355 Medun 99 e0 1325867949
16239 Meina 74 0 1691022841
2833 Mera 99 0 1376700660
1 Metamorpho 105 0 1142615252
14011 Miasma 90 0 1661724593
13692 Mlyec 99 0 1717278945
16145 Moet 99 0 1732220997
16391 Mord 76 0 1434393990
16011 Mornir 99 0 1644767525
14680 Sawk 99 0 1738985213
15841 Muertonis 99 0 1645237927
16139 Mutj 99 0 1357159153
16557 Muuth 97 0 1738802708
14963 Narak 99 0 1383617256
1897 Nardok 100 0 1180208800
2634 Nathe 100 0 1567629684
16240 Nauis 41 0 1688790552
15247 Nehor 74 0 1704511981
13430 Nelmath 62 0 1552771119
5571 Nevd 100 0 1518227584
10125 Norath 99 0 1732853367
13959 Norel 99 0 1370804109
15937 Nuk 99 0 1671817626
13962 Oakie 99 0 1383618352
4559 Ocul 100 0 971372312
11724 Oengus 100 0 1257986501
14824 Offa 99 0 1739035646
15805 Ogg 99 0 1434394038
16835 Oody 99 0 1738115782
1963 Oxter 99 0 1637972119
13760 Pahoran 99 0 1704511873
16382 Pal 99 0 1566248234
2708 Pali 99 0 1380388684
14691 Panchi 99 0 1710129301
4 Pastai 27 e0 1718014442
17199 Pathraw 99 0 1437297578
3350 Pergus 105 0 1199463458
4092 Petch 99 0 1366030439
16160 Petree 99 0 1674134668
8622 Pio 100 0 1425584814
16689 Podunk 5 0 1443220497
13726 Pomab 99 0 1698207639
2424 Puka 99 0 1383619673
678 Pyo 99 0 1463500553
15965 Raekoth 99 0 1644975378
4843 Ragar 99 0 1576437263
13967 Ralath 100 0 1686934565
8721 Rasth 99 0 1735232012
704 Riqus 99 0 1412476178
16286 Ronuc 99 0 1665452824
15559 Rraak 99 0 1383629673
9422 Rubra 99 0 1738892218
15994 Rufianus 99 0 1394332122
16309 Rydack 101 0 1549847001
15246 Rylai 98 0 1453961760
8731 Samun 99 0 1712273329
60 Sata 99 0 1738116924
13102 Selandria 99 0 1552771036
14029 Shanta 99 0 1437297477
10066 Shikata 99 0 1732679003
13800 Shorana 99 0 1493445235
15985 Signeus 96 0 1645237955
9429 Skatch 99 0 1365128058
8269 Skeen 99 0 1364684262
16433 Slo 99 0 1637971306
16789 Slrp 1 0 1428625296
14965 Snobol 103 0 1486352443
13822 Soran 99 0 1738195547
16481 Sork 99 0 1568497104
16599 Sot 18 0 1557550450
13329 Stelson 99 0 1552771099
8497 Sulla 99 0 1434394167
14964 Suraki 99 e0 1371068304
6091 Syge 99 0 1334980374
5730 Synger 99 0 1434395005
15398 Syri 91 0 1732732365
15270 Syrus 99 0 1562709827
3069 Tanle 101 0 1571978835
16582 Tarrk 53 0 1669405382
13525 Tavsan 99 0 1739089229
17298 Gilgal 99 0 1739030232
792 Tegam 99 0 1571873849
15064 Teomner 99 0 1739087801
12945 Thalone 38 0 1690586199
15722 Thar 99 0 1460856787
15846 Thera 99 0 1394152025
16600 Therik 99 0 1739089896
16415 Thora 99 0 1460854937
15229 Thunlud 32 0 1614482560
11984 Tium 99 0 1668209539
16425 Tog 99 0 1434395091
16793 Torgak 98 0 1378153672
6041 Torin 99 0 1644766525
7669 Tosoh 99 0 1737259316
15071 Traff 99 0 1739082231
15997 Trauco 99 0 1394854320
16149 Trayon 99 0 1437298277
15526 Trewous 99 0 1312773437
14672 Tryx 99 0 1335731432
16155 Tugrok 99 0 1460857429
14040 Tulok 99 0 1312774347
13691 Tyn 99 0 1335733248
16834 Uchaaz 99 0 1698292628
15935 Valarien 99 0 1640886616
15031 Vangar 99 e0 1326944265
15624 Velena 99 0 1717454018
6676 Vengrazz 102 e0 1552714890
14833 Vertor 99 0 1453961794
14822 Veruk 99 0 1612672795
14843 Vesem 99 0 1453961768
16264 Vesta 99 0 1394073553
14170 Vitkus 99 0 1650591282
15951 Voruulr 99 0 1644768299
11722 Vuitton 99 0 1644970839
15993 Wavum 1 a0 1645240817
3527 Wehr 99 e0 1732058830
16687 Wimpee 11 0 1443234315
16534 Wryz 99 0 1335731563
16813 Xedem 95 0 1638986988
13731 Xin 99 0 1373079011
1793 Xirgha 100 0 1470578247
15811 Yago 99 0 1434393286
13306 Yasuhiro 99 0 1645237739
6623 Yiko 99 0 1373079015
16719 Yum 99 0 1445198706
3 Zantir 100 0 1372390537
14738 Zaver 99 0 1737540966
5058 Zegna 99 0 1644791862
16853 Zelum 99 0 1376005472
653 Zia 99 0 1372576011
16769 Zzig 99 0 1688777455
2 Zzur 101 0 1662770036
16905 Lailie 99 0 1493927056
16912 Hekyl 99 0 1447630171
16913 Jekyl 99 0 1428624783
16930 Mericon 99 0 1621193243
16931 Dagross 99 0 1621653869
16932 Faus 99 0 1713047990
16933 Kiram 99 0 1713048921
16956 Altec 40 0 1739040599
16957 Salazaar 10 0 1596945256
16958 Krizzik 97 0 1713048075
16996 Coyo 99 0 1738803236
17016 Koil 6 0 1329269118
17018 Smrt 1 a0 1645240937
17024 Pyrak 99 0 1374766178
17030 Feln 34 0 1615014236
17032 Bojana 99 0 1645189719
17049 Venath 102 0 1737503724
17092 Dimentio 99 0 1429666980
17093 Gyde 99 0 1429667031
17094 Naocl 99 0 1738114760
17102 Gennaire 64 0 1690566496
17101 Gizelle 62 0 1690566421
17107 Grimlon 99 0 1622691253
17117 Tinx 17 0 1615267187
17119 Nodem 99 0 1429667104
17146 Nuto 90 0 1357425300
17151 Denuk 49 0 1603220175
17155 Gyen 99 0 1429667051
17163 Moltac 74 0 1348275142
17179 Swez 80 0 1313064843
17194 Ceron 99 0 1719706295
17216 Drimlok 99 0 1312760560
17233 Vix 15 0 1329352344
17235 Gelidus 43 0 1460856729
17236 Bribon 37 0 1460856877
17241 Lisor 50 0 1706322511
17242 Razen 44 0 1320338771
17248 Selean 39 0 1739090276
17251 Czyn 29 0 1333156888
17256 Kraaol 99 0 1312773413
17257 Vakgar 99 0 1312702280
17263 Medon 99 0 1429667072
17264 Bleck 99 0 1429667006
17267 Eenie 20 0 1322619321
17272 Mohhe 22 0 1429667229
17276 Nocer 20 0 1739050835
17277 Mifaly 19 0 1738707735
17282 Meeney 99 0 1566248340
17286 Kilut 99 0 1312774145
17295 Nerl 99 0 1739035977
17296 Nawk 99 0 1739086189
17297 Dimmy 99 0 1429667399
17299 Frumly 67 0 1649040435
17302 Dufus 45 0 1451175539
17306 Siah 99 0 1493445256
17312 Dawk 99 0 1738993640
17330 Nuxx 97 0 1548090463
17333 Pokeee 99 0 1557548251
17334 Otun 81 0 1429667315
17339 Xoxx 48 0 1326736894
17342 Fernius 99 0 1650591522
17343 Gumbyy 54 0 1493420119
17355 Mosix 27 0 1322407790
17359 Kacor 28 0 1669824850
17377 Cozt 35 0 1738289167
17378 Cnas 74 0 1738199795
17383 Tolbrj 99 0 1376005148
17384 Sorak 99 0 1371576819
17402 Sarq 72 0 1359231785
17403 Fernley 99 0 1649031246
17405 Vidar 75 0 1500081450
17406 Felk 99 0 1650591311
17409 Cnuck 99 0 1374765795
17412 Xawk 99 0 1739085428
17413 Levlar 90 0 1706281682
17414 Ogawk 99 0 1738972662
17426 Ferv 11 0 1616559853
17427 Radiv 30 0 1383629609
17431 Runrup 99 0 1364684522
17434 Tul 28 0 1668985343
17436 Iakus 12 0 1567052081
17445 Pahtbelli 99 0 1557549348
17476 Terhan 99 0 1622690053
17477 Lacak 90 0 1669824810
17498 Zzork 34 0 1341248260
17501 Korah 99 0 1371578894
17510 Kria 99 0 1335731454
17511 Wrya 99 0 1351189523
17532 Sligh 99 0 1365128409
17536 Vera 95 0 1626054563
17555 Pyxen 96 0 1335731919
17559 Vyx 93 0 1334980423
17567 Nero 34 0 1383421105
17570 Kendo 38 0 1618545214
17574 Vchaz 67 0 1672030727
17575 Banto 27 0 1643648271
17576 Deederz 7 0 1672126576
17578 Diadera 14 0 1672126477
17580 Deax 99 0 1312774249
17581 Kinto 99 0 1312702466
17582 Laneelot 36 0 1383421444
17583 Zchaz 53 0 1672030609
17592 Goaah 55 0 1672030646
17619 Lanelot 99 0 1384499924
17622 Isiac 87 0 1684259235
17636 Gerhalt 82 0 1682800958
17637 Syra 25 0 1336531119
17638 Lanlot 66 0 1384019740
17640 Bjorn 99 0 1713047792
17647 Merk 29 0 1323056308
17661 Nolk 12 0 1326736886
17668 Exco 69 0 1510261070
17670 Davar 99 0 1739087770
17681 Carl 31 0 1374420741
17686 Shamgar 54 0 1510778366
17697 Apoc 78 0 1691828336
17701 Piffaron 99 0 1737422276
17706 Piffaroz 95 0 1737428158
17713 Zawk 99 0 1738970842
17715 Fylae 99 0 1650591372
17740 Genni 92 0 1448904894
17778 Banta 25 0 1618545332
17784 Bolin 63 0 1561506545
17788 Herl 50 0 1384020996
17801 Detor 44 0 1462382262
17803 Pawk 99 0 1739084416
17805 Molin 57 0 1561506586
17807 Jerl 60 0 1384019878
17815 Leaknom 41 0 1349117098
17833 Katkar 29 0 1735630845
17835 Cooty 99 0 1306889556
17839 Dolin 27 0 1351546163
17845 Piffaric 93 0 1735087301
17855 Diabolin 28 0 1323055951
17856 Lioahcim 25 0 1349117549
17858 Chinok 105 0 1739076333
17860 Felch 21 0 1326937939
17870 Nems 9 0 1328748355
17879 Prairiegirl 39 0 1668779616
17883 Lawk 73 0 1738978848
17918 Emawk 99 0 1739087784
17940 Valaina 66 0 1375711061
17952 Yuhen 101 0 1649569159
17953 Ramah 102 0 1739062846
17957 Frav 22 0 1633204193
18037 Aryk 19 0 1327680363
18040 Puddinhead 99 0 1566248108
18063 Skaraki 99 0 1375547869
18072 Kerl 44 0 1383421764
18074 Dryan 13 0 1326825086
18075 Nomk 89 0 1570754637
18079 Kuna 10 0 1326825102
18080 Jolio 99 0 1729255458
18081 Marlia 99 0 1736056572
18083 Perl 21 0 1383421336
18084 Adowan 20 0 1334929588
18085 Shaevra 5 0 1355958691
18086 Scunc 4 0 1337039353
18087 Eisa 5 0 1327339907
18090 Harnv 99 0 1729255466
18092 Freo 44 0 1616486151
18095 Sticum 29 0 1738199936
18096 Ficas 23 0 1324665412
18099 Bortal 99 0 1719021914
18105 Kilze 43 0 1428624996
18106 Rinoa 25 0 1334929690
18108 Nou 11 0 1493525826
18111 Moonda 99 0 1729255475
18114 Bawk 99 0 1739068693
18116 Antiak 40 0 1362784791
18117 Kaeryn 1 0 1328584269
18118 Rescindium 0 0 1328912892
18119 Pewhen 35 0 1364480319
18120 Lenga 1 0 1329264689
18121 Wevend 1 0 1474354396
18122 Titeth 1 0 1330011229
18123 Hikaru 15 0 1338816442
18124 Phaedr 2 0 1330055271
18125 Danifae 3 0 1330432936
18126 Sslo 1 0 1330187976
18127 Kaias 8 0 1334929626
18128 Yanec 14 0 1338727113
18129 Lyth 4 0 1331170147
18130 Hortur 99 0 1713045736
18131 Evln 16 0 1365280638
18132 Severin 1 0 1330797376
18133 Evlnside 31 0 1380562940
18134 Sorek 16 0 1426435464
18135 Pentius 21 0 1332352719
18136 Goodnside 1 0 1331332655
18137 Banjt 1 0 1331089812
18138 Frobozz 1 0 1351617228
18139 Gwilich 25 0 1334929607
18140 Bestnside 1 0 1331338963
18141 Mert 6 0 1331234154
18142 Aldargon 2 0 1331416445
18143 Joheth 5 0 1331305815
18144 Peebody 10 0 1331512490
18145 Ruhl 18 0 1383629512
18146 Fess 22 0 1622694469
18147 Fuale 96 0 1621479666
18148 Malek 31 0 1388388555
18149 Agau 18 0 1383629477
18150 Tithlo 99 0 1640490769
18151 Rosarita 38 0 1391241434
18152 Flas 39 0 1590391860
18153 Trajin 38 0 1368820089
18154 Arathon 5 0 1334779502
18155 Carath 5 0 1334779528
18156 Mawk 99 0 1739085247
18157 Aawk 99 0 1739054246
18158 Kaedo 11 0 1331404996
18159 Pearo 11 0 1331917191
18160 Rax 33 0 1336439623
18161 Elador 7 0 1411630670
18162 Herrod 7 0 1411630684
18163 Garlia 16 0 1489930817
18164 Garnv 17 0 1672032693
18165 Golio 19 0 1571495489
18166 Gortal 16 0 1419135281
18167 Hotak 10 0 1333272346
18168 Gonthor 2 0 1331524624
18169 Wayback 9 0 1331512634
18170 Cafi 99 0 1378257872
18171 Agro 1 0 1331419158
18172 Tyrol 1 0 1331491622
18173 Leah 6 0 1433717552
18174 Greis 6 0 1331514814
18175 Dobui 6 0 1331516581
18176 Rdiv 9 0 1383629555
18177 Vawk 99 0 1738973694
18178 Hewey 45 0 1428635696
18179 Gralk 6 0 1331521675
18180 Lewey 49 0 1428635921
18181 Fettres 1 0 1331526043
18182 Lut 7 0 1383629460
18183 Doawk 1 0 1737756592
18184 Chel 1 0 1331526550
18185 Freby 1 0 1331589923
18186 Aogr 2 0 1332983314
18187 Meili 9 0 1334929671
18191 Ailiki 44 0 1384330798
18189 Erelah 1 0 1331676832
18190 Kaldor 17 0 1342616396
18192 Pyran 75 0 1677894760
18193 Muktar 92 0 1713048046
18194 Gris 99 0 1713048932
18195 Leelo 4 0 1333569530
18196 Thevin 1 0 1332046756
18197 Torgar 5 0 1332518377
18198 Smoog 99 0 1640490729
18199 Denon 99 0 1621193505
18200 Prem 1 0 1332296080
18201 Vanna 48 0 1334929705
18202 Geri 11 0 1332544441
18203 Ferl 8 0 1383421508
18204 Tropo 4 0 1370003735
18205 Gerl 21 0 1383421143
18206 Berl 27 0 1383421582
18207 Seran 14 0 1734307487
18208 Cyn 2 0 1376271647
18209 Josheb 2 0 1673067259
18210 Skittles 3 0 1334250481
18211 Huggy 3 0 1334720504
18212 Yadilla 1 0 1339288201
18213 Hyakro 4 0 1334179524
18214 Ivey 16 0 1335659749
18215 Prer 85 0 1374779242
18216 Gipper 2 0 1334251652
18217 Huggles 2 0 1334251654
18218 Flounch 1 0 1334432064
18219 Ayex 41 0 1373082134
18220 Azix 41 0 1373082086
18221 Xanlor 1 0 1334676083
18222 Loverwo 1 0 1334676222
18223 Zoobie 1 0 1334770750
18224 Keron 14 0 1334868786
18225 Lya 39 0 1373082083
18226 Flyp 36 0 1373081284
18227 Moondoggy 10 0 1335659432
18228 Wimohi 1 0 1335032508
18229 Nommk 12 0 1335659061
18230 Mouvar 55 0 1705877996
18231 Cylor 22 0 1705878017
18232 Kilina 3 0 1335133831
18233 Prairielad 11 0 1335659577
18234 Malric 4 0 1704823829
18235 Caius 4 0 1704823993
18236 Tenso 6 0 1335750363
18237 Sivananda 7 0 1335494725
18238 Ogrim 3 0 1335494625
18239 Bugerer 1 0 1335388341
18240 Dremel 1 0 1335404412
18241 Nomkie 99 0 1429667359
18242 Nomki 15 0 1335659217
18243 Zafeelu 0 0 1335745362
18244 Nomkee 56 0 1451175577
18245 Zakarn 99 e0 1336875135
18246 Zalic 99 e0 1336927272
18247 Zanoc 99 e0 1336927310
18248 Zanther 99 e0 1336928548
18249 Zarvey 1 0 1335909562
18250 Zeg 99 e0 1336927267
18251 Zekish 99 e0 1336928027
18252 Zench 15 e0 1336252083
18253 Zenitul 99 e0 1391189142
18254 Zep 25 e0 1336928110
18255 Zeran 99 e0 1336356591
18256 Zercaren 99 e0 1336928559
18257 Zeric 99 e0 1336927277
18258 Zerith 99 e0 1336356514
18259 Zertor 99 e0 1336927274
18260 Zeth 99 e0 1336927270
18261 Zigra 99 e0 1336928540
18262 Zire 99 e0 1336883018
18263 Zirken 99 e0 1336356517
18264 Zlorin 99 e0 1336357164
18265 Zog 99 e0 1336927265
18266 Zogelt 38 e0 1336705230
18267 Zoreg 70 e0 1336251444
18268 Zurgh 99 e0 1336928022
18269 Zutar 99 e0 1336927502
18270 Zyce 99 e0 1336357023
18271 Zyder 99 e0 1336693895
18272 Zynch 99 e0 1336927262
18273 Zyten 99 e0 1336355360
18274 Pokee 1 0 1368493529
18275 Nomkey 55 0 1450406973
18276 Paporka 0 0 1336102692
18277 Tiiel 1 0 1336120918
18278 Auverfa 1 0 1336458948
18279 Aksana 1 0 1354509358
18280 Aerindel 1 0 1336635797
18281 Ravenloft 1 0 1652033493
18282 Oogodu 0 0 1336814026
18283 Mancell 99 0 1606013393
18284 Mancel 79 0 1606013353
18285 Arisa 3 0 1605102050
18286 Zalith 4 0 1605102034
18287 Arion 4 0 1605102066
18288 Hakaydu 1 0 1337186269
18289 Ciroc 0 0 1337395611
18290 Dudunli 0 0 1337541581
18291 Olap 1 0 1358012270
18292 Xoloola 0 0 1337963723
18293 Gufus 56 0 1357864369
18294 Lueema 1 0 1339713840
18295 Doporza 1 0 1340068579
18296 Eek 1 0 1340320872
18297 Jadoxo 1 0 1340424846
18298 Banyall 1 0 1340674212
18299 Colunca 1 0 1340781382
18300 Foharvy 1 0 1341137623
18301 Cularpi 1 0 1341494049
18302 Cale 1 0 1341599362
18303 Calen 1 0 1341599368
18304 Ackk 1 0 1342586399
18305 Iliido 1 0 1341850527
18306 Ehmissa 40 0 1342667526
18307 Bigbootiechinok 1 0 1341893332
18308 Peebush 1 0 1341893550
18309 Cailewin 1 0 1362187778
18310 Kajarpo 1 0 1342206811
18311 Edon 5 0 1344362779
18312 Laochan 1 0 1574885666
18313 Yaleeab 1 0 1342564630
18314 Thalakos 1 0 1342580723
18315 Bigbutey 1 0 1342586399
18316 Kratax 1 0 1342616459
18317 Zhan 84 0 1380136449
18318 Podungu 0 0 1342921451
18319 Tacun 11 0 1346294663
18320 Pizzan 6 0 1346294667
18321 Diie 1 0 1343521925
18322 Kojain 1 0 1714778014
18323 Marg 14 0 1349305277
18324 Malym 1 0 1344195315
18325 Ziaufu 0 0 1344283489
18326 Justitia 14 0 1346381813
18327 Marioos 0 0 1344888355
18328 Marioon 7 0 1345745772
18329 Wilo 2 0 1344892227
18330 Clern 43 0 1677894762
18331 Krull 14 0 1347152890
18332 Derl 34 0 1383285973
18333 Serc 14 0 1374202256
18334 Rameh 1 0 1345998137
18335 Yuhenn 1 0 1346083019
18336 Merl 13 0 1383284969
18337 Drakkoneus 1 0 1346452705
18338 Alasha 99 0 1729255466
18339 Anttily 99 0 1719022000
18340 Astilo 84 0 1672574098
18341 Melissa 1 0 1347378565
18342 Statua 16 0 1597523302
18343 Yigerta 1 0 1348056259
18344 Benvolio 1 0 1348171796
18345 Dovinya 0 0 1348411051
18346 Crystla 7 0 1360953249
18347 Laala 2 0 1351891177
18348 Xalquara 2 0 1360347661
18349 Gidunxa 1 0 1348772723
18350 Serk 36 0 1352535844
18351 Jual 1 0 1349536625
18352 Fanta 10 0 1349596114
18353 Wiyeexi 1 0 1349127207
18354 Stique 9 0 1349596111
18355 Xylan 9 0 1387868612
18356 Daltor 1 0 1349330460
18357 Ooooki 1 0 1349483392
18358 Stili 9 0 1349596111
18359 Hili 9 0 1349596111
18360 Vilmir 1 0 1349566394
18361 Serialbawx 3 0 1349847523
18362 Bigbootey 1 0 1479926691
18363 Nakir 17 0 1514763102
18364 Piyepmo 1 0 1349839863
18365 Merthor 11 0 1532496544
18366 Koyeevo 1 0 1350196237
18367 Ablio 83 0 1672533133
18368 Beognar 1 0 1350418211
18369 Yolippi 1 0 1350552436
18370 Rajarta 1 0 1350908959
18371 Weva 3 0 1351395771
18372 Yzair 1 0 1350992730
18373 Gothar 1 0 1351027278
18374 Zair 10 0 1354343596
18375 Cerl 3 0 1383421368
18376 Noarrka 1 0 1351265307
18377 Akro 13 0 1352438041
18378 Bort 11 0 1352153800
18379 Terl 35 0 1383420921
18380 Daooyi 0 0 1351621912
18381 Bigboty 1 0 1351897354
18382 Qort 8 0 1352153806
18383 Sto 1 0 1471989673
18384 Arverhi 1 0 1352656297
18385 Ironicus 11 0 1353383880
18386 Caidyn 8 0 1353383880
18387 Josifa 8 0 1353383828
18388 Royarde 1 0 1353011483
18389 Skyndle 1 0 1353055740
18390 Xaeeja 1 0 1353368211
18391 Cuefffo 1 0 1353724583
18392 Nomarya 1 0 1354081070
18393 Turanva 1 0 1354437354
18394 Tojarlo 1 0 1354798681
18395 Motunma 1 0 1354800597
18396 Codunmi 1 0 1355156922
18397 Culunta 1 0 1355513310
18398 Rathborne 1 0 1355743574
18399 Doharja 0 0 1355869760
18400 Drux 1 0 1356002894
18401 Ysmariad 4 0 1427527350
18402 Xyius 3 0 1356184348
18403 Mokeevy 1 0 1357080534
18404 Deyepen 1 0 1357435492
18405 Dekonzo 1 0 1357791811
18406 Xikayca 1 0 1358148238
18407 Hursty 1 0 1358159261
18408 Aethryl 46 0 1523811160
18409 Graalg 1 0 1403207224
18410 Kaelyd 81 0 1524070169
18411 Tepp 25 0 1378640499
18412 Syerr 21 0 1505488597
18413 Lyr 41 0 1523608832
18414 Maloomi 1 0 1358504449
18415 Ehlissasma 1 0 1358753493
18416 Figgleston 1 0 1358762829
18417 Kuranvi 0 0 1358860858
18418 Leal 17 0 1523608435
18419 Garamis 1 0 1359139591
18420 Luleezo 1 0 1359337726
18421 Jersh 1 0 1359362038
18422 Beerfullofbelly 1 0 1359361970
18423 Vaperfo 0 0 1359692701
18424 Isit 21 0 1362876037
18425 Shigai 1 0 1359786371
18426 Pixil 2 0 1360302922
18427 Ilclarba 1 0 1360547166
18428 Travero 13 0 1619059146
18429 Itis 12 0 1362876037
18430 Manji 3 0 1360869288
18431 Totunlo 0 0 1360902469
18432 Chay 1 0 1360915844
18433 Keirin 7 0 1366329400
18434 Semiafk 12 0 1362876037
18435 Zidoof 5 0 1361076338
18436 Rureth 1 0 1360996905
18437 Ercnord 1 0 1361076401
18438 Dakuan 1 0 1361076442
18439 Festri 5 0 1616560333
18440 Emond 1 0 1361081170
18441 Satashi 0 0 1361203630
18442 Netdorf 1 0 1361295869
18443 Goforit 13 0 1362886004
18444 Scort 1 0 1361446976
18445 Tofusin 1 0 1361448021
18446 Corin 25 0 1522825027
18447 Amator 1 0 1361464685
18448 Hambamina 1 0 1361559164
18449 Daeyn 81 0 1524096975
18450 Floo 1 0 1361715555
18451 Ryder 24 0 1523486128
18452 Reydin 1 0 1505386065
18453 Reydn 1 0 1505386414
18454 Deyn 21 0 1523560605
18455 Eyns 1 0 1505387211
18456 Pyren 24 0 1505758672
18457 Rekkan 8 0 1440670078
18458 Xyru 8 0 1362901166
18459 Dewey 48 0 1435613244
18460 Duwey 49 0 1428635696
18461 Yuwey 49 0 1428635696
18462 Huwey 29 0 1388628901
18463 Meric 25 0 1653282441
18464 Cerim 16 0 1653281388
18465 Eklon 42 0 1524132012
18466 Eklen 1 0 1523504580
18467 Cyros 28 0 1378266019
18468 Mogarsu 0 0 1363499000
18469 Yadila 51 0 1570755001
18470 Dagpoo 11 0 1564062676
18471 Dolg 1 0 1365528672
18510 Hiran 45 0 1487448754
18473 Ekso 3 0 1435843234
18474 Ootungi 0 0 1364366952
18475 Nuggz 23 0 1653309363
18476 Recim 1 0 1653341937
18477 Lithian 1 0 1364606697
18478 Fio 9 0 1616559942
18479 Komenni 1 0 1364752347
18480 Kreb 5 0 1488308030
18481 Aira 1 0 1364879035
18482 Arae 12 0 1505386771
18483 Shem 17 0 1488033129
18484 Havervy 1 0 1365121946
18485 Exo 1 0 1436549492
18486 Polando 72 0 1488308711
18487 Jeyd 11 0 1505387581
18488 Tulardu 1 0 1365490221
18489 Kah 3 0 1435950898
18490 Mofarab 0 0 1365845785
18491 Alizone 22 0 1735087227
18492 Aeren 1 0 1366340778
18493 Aakrug 26 0 1378265943
18494 Lorindel 9 0 1440767456
18495 Demitrius 9 0 1634658861
18496 Idos 18 0 1371030010
18497 Zal 3 0 1367175915
18498 Arda 2 0 1367305977
18499 Wittawat 99 0 1680446398
18500 Rienz 2 0 1679033411
18501 Ooeevy 0 0 1367473916
18502 Rithig 13 0 1378266105
18503 Coquin 1 0 1367632851
18504 Drahknor 1 0 1367969436
18505 Witta 99 0 1643036317
18506 Alizoor 32 0 1735089773
18507 Dronar 8 0 1396642557
18508 Andropolis 1 0 1368530677
18509 Orok 1 0 1368961001
18511 Myasma 1 0 1368693631
18512 Olfingh 1 0 1368831537
18513 Arn 1 0 1369318492
18514 Lahsorillian 1 0 1369331391
18515 Gurrack 2 0 1369466582
18516 Smongerer 0 0 1369467076
18517 Maxwelldeux 19 0 1399869475
18518 Anaya 3 0 1370008450
18519 Ahsila 14 0 1399869450
18520 Cirunvy 0 0 1370174312
18521 Frozler 69 0 1719022211
18522 Imon 1 0 1371126147
18523 Alamon 2 0 1370736793
18524 Zenhaivn 1 0 1628121215
18525 Artin 11 0 1382973974
18526 Zurm 19 0 1437158464
18527 Barz 14 0 1436212722
18528 Dolgus 36 0 1487885071
18529 Uldmar 4 0 1371076557
18530 Kalo 11 0 1443818535
18531 Biggbooty 1 0 1448913719
18532 Balmoln 5 0 1376320074
18533 Dayrion 1 0 1372381818
18534 Amaren 3 0 1372451764
18535 Boi 1 0 1372390050
18536 Zpad 1 0 1372392009
18537 Durren 4 0 1372858548
18538 Setra 10 0 1375075195
18539 Ryk 2 0 1372910829
18540 Fenwald 4 0 1461220711
18541 Manelot 10 0 1374021066
18542 Zellas 18 0 1375029985
18543 Snaga 14 0 1589128727
18544 Qerl 27 0 1374421193
18545 Koishi 8 0 1375075197
18546 Reneigh 0 0 1374194088
18547 Warra 99 0 1643038444
18548 Kentar 1 0 1495472015
18549 Izka 5 0 1660734770
18550 Azrin 1 0 1374276968
18551 Sorin 1 0 1374276945
18552 Navir 1 0 1374279002
18553 Eldrac 1 0 1374434067
18554 Soril 1 0 1374432613
18555 Jayce 5 0 1374903383
18556 Shinko 4 0 1374903558
18557 Valenare 5 0 1376446159
18558 Valen 9 0 1376446159
18559 Aylenna 2 0 1375390748
18560 Divo 1 0 1375502954
18561 Phaedre 3 0 1376875131
18562 Aeoleus 1 0 1376017285
18563 Slorn 1 0 1376071047
18564 Muvaar 6 0 1376714860
18565 Dreven 17 0 1716566309
18566 Gyor 13 0 1725887279
18567 Mao 1 0 1376781675
18568 Modi 1 0 1377008810
18569 Fergus 18 0 1719085791
18570 Jaxe 17 0 1685175069
18571 Mila 99 0 1737503745
18572 Pavinta 1 0 1377295134
18573 Elana 99 0 1737501198
18574 Zidaazo 0 0 1377650430
18575 Javos 99 0 1737500452
18576 Jalor 99 0 1737500374
18577 Syral 99 0 1696648293
18578 Grot 1 0 1378652118
18579 Ceara 99 0 1699482029
18580 Afanasiya 1 0 1379481739
18581 Selamin 5 0 1380502573
18582 Arreeleo 99 0 1720156669
18583 Zzyzx 20 0 1388219018
18584 Malak 0 0 1380515781
18585 Cova 1 0 1380596077
18586 Meeneyoshi 27 0 1381717615
18587 Aldur 10 0 1382537409
18588 Bhelliom 9 0 1382703209
18589 Maxmsp 1 0 1382349648
18590 Baekalfen 1 0 1382378716
18591 Armonious 4 0 1382571468
18592 Iltrude 5 0 1382703212
18593 Kevstr 13 0 1548090726
18594 Kleemer 1 0 1382825433
18595 Anjali 1 0 1383147324
18596 Mero 19 0 1384499892
18597 Scythus 1 0 1383240353
18598 Goten 1 0 1701387088
18599 Galphner 1 0 1447278366
18600 Gidgiddoni 1 0 1558754096
18601 Sierl 1 0 1384935907
18602 Dygone 1 0 1417658939
18603 Myun 1 0 1385179052
18604 Xythein 25 0 1621475523
18605 Althinia 94 0 1640490642
18606 Aldrian 1 0 1385253642
18607 Bonoahx 1 0 1385694484
18608 Malac 65 0 1719022698
18609 Blobal 1 0 1385878661
18610 Bugbotbooty 62 0 1571496774
18611 Bigbotbooty 29 0 1390092734
18612 Armitage 11 0 1386648441
18613 Salazar 9 0 1386551333
18614 Tofooo 36 0 1390870643
18615 Tlan 12 0 1615160032
18616 Ezathor 1 0 1387065586
18617 Firwin 1 0 1640490353
18618 Whiphal 34 0 1621488911
18619 Berician 9 0 1387981270
18620 Imperian 5 0 1388412311
18621 Lana 5 0 1388167383
18622 Chryn 99 0 1429912899
18623 Parthel 99 0 1429912892
18624 Chinaaaak 5 0 1388803159
18625 Astridian 5 0 1389232462
18626 Corq 1 0 1389426926
18627 Jiban 33 0 1640490396
18628 Sclerr 4 0 1389762688
18629 Skywise 1 0 1389769961
18630 Oteon 1 0 1389812921
18631 Otyon 1 0 1389813118
18632 Byxool 1 0 1389813783
18633 Samzon 1 0 1389931536
18634 Phryngi 1 0 1390276231
18635 Elfren 82 0 1430087861
18636 Gabnor 1 0 1390434150
18637 Hotsy 19 0 1392424064
18638 Totsy 18 0 1392424066
18639 Dyrian 1 0 1390639657
18640 Caglione 1 0 1436754813
18641 Drakon 6 0 1392172936
18642 Cosentino 23 0 1430091552
18643 Morzan 99 0 1696191488
18644 Dravek 2 0 1392173920
18645 Sochi 1 0 1392347731
18646 Druss 1 0 1491109382
18647 Hashir 1 0 1392570927
18648 Alizoon 25 0 1735087399
18649 Salochin 1 0 1434123026
18650 Tera 1 0 1392933370
18651 Sarn 1 0 1393000648
18652 Xinu 1 0 1393194002
18653 Sooop 1 0 1393193963
18654 Alizoop 20 0 1735087436
18655 Machman 1 0 1393745041
18656 Thranduil 1 0 1393745546
18657 Marlogo 1 0 1394134781
18658 Vistk 21 0 1738196132
18659 Glennil 0 0 1394408615
18660 Hsulz 6 0 1414333812
18661 Thebestplayer 1 0 1394700414
18662 Hittite 8 0 1396111101
18663 Larovjad 6 0 1395265371
18664 Shuk 34 0 1614116747
18665 Dvorhagen 6 0 1535377844
18666 Idunn 20 0 1420479612
18667 Pold 1 0 1395059592
18668 Lont 10 0 1435413313
18669 Jovan 2 0 1412805837
18670 Freyja 5 0 1420479598
18671 Oki 92 0 1614117410
18672 Kree 1 0 1395948451
18673 Kre 1 0 1396968404
18674 Tonkus 41 0 1484938401
18675 Joril 12 0 1647991597
18676 Vorz 1 0 1396162986
18677 Nold 33 0 1436548679
18678 Amlyn 1 0 1396388757
18679 Ehto 1 0 1396746246
18680 Wesi 1 0 1435413307
18681 Rheal 1 0 1396924332
18682 Odz 65 0 1488035658
18683 Kontakt 1 0 1397335823
18684 Culleus 1 0 1397504790
18685 Gemma 1 0 1488036583
18686 Cavin 8 0 1435679398
18687 Reiph 3 0 1398560338
18688 Alatar 23 0 1442067688
18689 Magzimum 1 0 1399130093
18690 Kylertheguyler 2 0 1399649901
18691 Deakeon 1 0 1400096863
18692 Xanril 18 0 1608384884
18693 Cirux 1 0 1400381829
18694 Jaxon 18 0 1404241721
18695 Mako 1 0 1401671941
18696 Mechaburn 1 0 1401672060
18697 Aristotle 1 0 1401672057
18698 Krom 1 0 1401672055
18699 Redeye 5 0 1402019119
18700 Illyich 1 0 1402196208
18701 Jesry 1 0 1402197608
18702 Seri 1 0 1402455428
18703 Ketlad 1 0 1402455428
18704 Reln 4 0 1403269212
18705 Shirak 1 0 1404573786
18706 Ghaundar 52 0 1724165739
18707 Dolci 2 0 1404696273
18708 Arakar 1 0 1405315224
18709 Dober 1 0 1405461885
18710 Xyian 2 0 1405558233
18711 Viggen 1 0 1405824822
18712 Devish 5 0 1405980368
18713 Durien 3 0 1405981673
18714 Delrob 3 0 1529233122
18715 Solaire 22 0 1515128867
18716 Gilden 30 0 1607742769
18717 Aislynn 27 0 1415848517
18718 Raylen 23 0 1515128895
18719 Leonis 4 0 1409517121
18720 Hakage 30 0 1515128842
18721 Slyke 2 0 1407093438
18722 Abstinanth 2 0 1407124415
18723 Fergal 1 0 1407610839
18724 Drakira 1 0 1407445760
18725 Kiralae 12 0 1415677683
18726 Valis 24 0 1515128949
18727 Gyrk 10 0 1409504980
18728 Shar 18 0 1515129067
18729 Crouel 1 0 1408133025
18730 Cutch 1 0 1408506709
18731 Velx 1 0 1408771662
18732 Phaedron 1 0 1408905005
18733 Vadik 1 0 1409182470
18734 Nari 1 0 1409261469
18735 Narr 1 0 1409262199
18736 Fawk 1 0 1409306516
18737 Mosiah 99 0 1739080414
18738 Filyk 1 0 1409495004
18739 Oko 2 0 1449081892
18740 Irs 11 0 1441726541
18741 Sief 4 0 1686729084
18742 Noogins 5 0 1686729087
18743 Morthos 8 0 1515138373
18744 Armo 1 0 1488036526
18745 Harn 11 0 1441726478
18746 Gnar 42 0 1487885090
18747 Ryee 21 0 1505388938
18748 Nytt 1 0 1411121876
18749 Yli 1 0 1411121809
18750 Nyt 1 0 1411122621
18751 Piu 1 0 1411123193
18752 Pui 4 0 1524058631
18753 Gli 1 0 1523467312
18754 Jok 10 0 1523990417
18755 Kuo 26 0 1524059259
18756 Lytt 12 0 1523602210
18757 Rigel 1 0 1411273147
18758 Dage 1 0 1411306596
18759 Bogglesome 0 0 1411273054
18760 Cora 4 0 1523638131
18761 Corae 2 0 1523638133
18762 Cori 3 0 1523638135
18763 Corie 1 0 1523638139
18764 Riin 4 0 1505142457
18765 Corz 1 0 1523638144
18766 Blusummers 2 0 1411686516
18767 Langstroth 1 0 1411666268
18768 Kieron 3 0 1412510898
18769 Cammy 2 0 1416407679
18770 Gyy 49 0 1712076887
18771 Crassy 1 0 1413343118
18772 Kateland 1 0 1413601857
18773 Hodge 1 0 1413842173
18774 Tychicus 1 0 1413916218
18775 Thrillhouse 5 0 1414633548
18776 Cerb 11 0 1415592677
18777 Brec 3 0 1415582137
18778 Kensu 1 0 1415727794
18779 Lucian 1 0 1416264733
18780 Quals 1 0 1416265355
18781 Darrow 3 0 1416622823
18782 Sumphoo 1 0 1578649428
18783 Zxnatlanon 16 0 1589763707
18784 Sharn 1 0 1416771089
18785 Terkey 2 0 1416975000
18786 Klide 5 0 1417141662
18787 Cristal 2 0 1417078233
18788 Axudria 2 0 1426603694
18789 Celerion 1 0 1418517182
18790 Rorcrux 1 0 1420301639
18791 Cruces 1 0 1420540251
18792 Lynk 1 0 1420908061
18793 Sampaki 1 0 1420949973
18794 Sonsa 1 0 1421460786
18795 Japhen 4 0 1555101692
18796 Jair 12 0 1555101646
18797 Xirote 1 0 1422810288
18798 Drakk 1 0 1424205308
18799 Drakomir 5 0 1424210619
18800 Vios 99 0 1643038442
18801 Eniath 1 0 1424738896
18802 Meilana 73 0 1435884772
18803 Croidin 40 0 1468171440
18804 Fd 2 0 1431912316
18805 Joaker 2 0 1425706408
18806 Gothard 9 0 1430423247
18807 Wsownd 1 0 1424999197
18808 Lyclia 81 0 1435623338
18809 Bolgar 1 0 1425034922
18810 Bolby 1 0 1425314698
18811 Burkod 1 0 1425041473
18812 Bronzesin 0 0 1425064621
18813 Foreversins 1 0 1425064902
18814 Jaxgamer 1 0 1425065334
18815 Iniquis 1 0 1425066141
18816 Ralendyr 1 0 1425067556
18817 Iseah 0 0 1425067110
18818 Levi 10 0 1585719054
18819 Penetrator 1 0 1425068331
18820 Helllaaa 1 0 1425068220
18821 Jeyventura 1 0 1425069047
18822 Hente 1 0 1425072852
18823 Kirito 2 0 1425095782
18824 Rythian 1 0 1425106460
18825 Kardian 1 0 1425104468
18826 Alderith 1 0 1425106633
18827 Yodako 1 0 1425106601
18828 Kawaiiansenpai 1 0 1425122699
18829 Zydolia 75 0 1437695325
18830 Bai 1 0 1425323469
18831 Faggot 1 0 1425231404
18832 Felirin 11 0 1429716601
18833 Anorc 1 0 1425250405
18834 Tretygon 1 0 1425300566
18835 Rodgamer 1 0 1425322147
18836 Baci 1 0 1425322563
18837 Rozsy 1 0 1425324576
18838 Alpinix 1 0 1425323686
18839 Fionualla 1 0 1425324320
18840 Yurmum 1 0 1425325847
18841 Ferdy 1 0 1426177168
18842 Tarra 1 0 1425327035
18843 Roxas 1 0 1425328237
18844 Umguz 1 0 1425329274
18845 Veptrix 1 0 1425330878
18846 Brunos 1 0 1425331166
18847 Jfdkljfsd 0 0 1425331412
18848 Bujo 1 0 1425334210
18849 Fkd 1 0 1425338676
18850 Koss 3 0 1425360363
18851 Bonjour 1 0 1425407564
18852 Puredrone 1 0 1425686224
18853 Andrewduong 1 0 1425427369
18854 Looooll 1 0 1425486635
18855 Loknar 3 0 1429307365
18856 Rylun 4 0 1425542944
18857 Lodalian 48 0 1436547661
18858 Skurph 1 0 1425762389
18859 Lycl 1 0 1426019851
18860 Dagnilu 0 0 1425758937
18861 Dragnilu 10 0 1429285857
18862 Ethariel 1 0 1425836870
18863 Sakura 1 0 1425837010
18864 Runnil 1 0 1425844022
18865 Theferdster 1 0 1426177251
18866 Rychus 1 0 1426306779
18867 Ehllisa 1 0 1428707012
18868 Isaac 1 0 1426727048
18869 Almera 99 0 1643035824
18870 Kraymen 12 0 1462149280
18871 Pawlos 1 0 1426966079
18872 Ivcat 18 0 1535212845
18873 Mednato 2 0 1427130198
18874 Bootymonstah 1 0 1426968210
18875 Quain 1 0 1426970360
18876 Gobbledegook 1 0 1426969099
18877 Descardian 1 0 1426969381
18878 Luddest 1 0 1426969657
18879 Jakathera 1 0 1426970226
18880 Derf 0 0 1426971829
18881 Teemo 1 0 1427002806
18882 Ivaneko 1 0 1429140500
18883 Mrweexo 0 0 1427027989
18884 Emilio 1 0 1427030828
18885 Elemaun 1 0 1427037090
18886 Crackerlacker 1 0 1427039781
18887 Ferdster 8 0 1446828307
18888 Wraf 1 0 1427136110
18889 Ferdinton 1 0 1427137813
18890 Civilman 1 0 1427138344
18891 Porlox 0 0 1427217473
18892 Senerat 0 0 1427240520
18893 Sartena 1 0 1427244285
18894 Meran 1 0 1427246084
18895 Resol 1 0 1427306815
18896 Kekler 4 0 1427328920
18897 Angyes 1 0 1427315742
18898 Natern 1 0 1427333058
18899 Boopbop 1 0 1427388145
18900 Erewhon 1 0 1427389045
18901 Humanbeing 1 0 1427393664
18902 Pzam 3 0 1427400194
18903 Tereta 4 0 1429406879
18904 Jerlic 55 0 1719022554
18905 Herlic 54 0 1719022401
18906 Burol 1 0 1427469036
18907 Joshman 1 0 1427478391
18908 Mikeemouse 0 0 1427644618
18909 Mansikanpoika 1 0 1427648508
18910 Ferdington 2 0 1432661373
18911 Djfreakadadisk 1 0 1428273009
18912 Wrinny 36 0 1437663374
18913 Lockarmor 2 0 1428513287
18914 Krysno 1 0 1428458125
18915 Baz 9 0 1428816482
18916 Monlio 3 0 1428680471
18917 Ephixia 1 0 1428794059
18918 Joselius 1 0 1428666671
18919 Reimyx 1 0 1428668531
18920 Sithalis 1 0 1428718147
18921 Jaderlortox 1 0 1428718160
18922 Agrodry 0 0 1428774584
18923 Qstar 2 0 1429802081
18924 Yolologist 1 0 1428793216
18925 Edwinu 1 0 1428793027
18926 Destrcutioo 0 0 1428793209
18927 Destructioo 1 0 1428793464
18928 Prinn 1 0 1428797370
18929 Heathcliff 1 0 1428815314
18930 Zyruel 1 0 1428851097
18931 Ogav 1 0 1429295345
18932 Macklez 1 0 1428873932
18933 Xanor 1 0 1428873916
18934 Bossman 1 0 1428874073
18935 Shiftyzz 0 0 1428875521
18936 Qwertyuiop 0 0 1428877817
18937 Syndal 33 0 1435346245
18938 Syndral 25 0 1433790930
18939 Synd 32 0 1435184720
18940 Nekokami 1 0 1429211835
18941 Juanito 1 0 1429216769
18942 Oscaritooo 1 0 1429296977
18943 Kumiko 1 0 1429230615
18944 Feaznor 6 0 1430703204
18945 Dnarti 5 0 1429785358
18946 Xianga 40 0 1737904604
18947 Xiangia 12 0 1737902153
18948 Ghurk 7 0 1429839896
18949 Wanderratte 10 0 1431383122
18950 Luksabober 1 0 1430016220
18951 Kobosh 99 e0 1435069500
18952 Seraphix 99 e0 1435069119
18953 Glawk 99 0 1738971521
18954 Marculio 29 0 1437663411
18955 Zinjin 4 0 1618769959
18956 Sae 74 0 1524096848
18957 Lorar 1 0 1430941130
18958 Mosawk 1 0 1737715094
18959 Louky 3 0 1431335359
18960 Takoten 7 0 1433570421
18961 Tfox 2 0 1431544713
18962 Kitonisha 3 0 1433570260
18963 Malthea 1 0 1432156740
18964 Ferrant 44 0 1434554295
18965 Kaza 30 0 1434554295
18966 Dewic 32 0 1434554295
18967 Seamuswelsh 0 0 1432118924
18968 Merlic 54 0 1719022484
18969 Hjjal 1 0 1435968231
18970 Maradok 1 0 1433222958
18971 Themaker 1 0 1433413848
18972 Kryvek 1 0 1433963229
18973 Lothan 57 0 1438962221
18974 Jerifi 2 0 1434158645
18975 Falun 1 0 1434501250
18976 Methix 1 0 1434663013
18977 Storim 21 0 1437753921
18978 Patriott 1 0 1436057584
18979 Serar 0 0 1436093863
18980 Chanse 21 0 1437751397
18981 Nakkav 1 0 1436120786
18982 Tal 41 0 1487885046
18983 Exterminater 0 0 1436653153
18984 Illy 1 0 1436751046
18985 Drall 41 0 1449080991
18986 Roak 10 0 1437171735
18987 Eara 1 0 1437072902
18988 Phreeze 3 0 1437690955
18989 Venechan 99 0 1696796339
18990 Sparx 2 0 1437910420
18991 Bb 1 0 1438068697
18992 Klux 1 0 1438087996
18993 Jascha 2 0 1439493018
18994 Druidah 1 0 1439526924
18995 Renras 7 0 1649121920
18996 Jordi 1 0 1440027078
18997 Wimster 1 0 1440068991
18998 Yamdari 2 0 1440185866
18999 Mtesm 1 0 1440668596
19000 Tinytootoo 1 0 1440670073
19001 Trell 3 0 1440873630
19002 Dramoth 1 0 1441041702
19003 Mortak 1 0 1441940044
19004 Orian 3 0 1442951423
19005 Vanden 6 0 1443401282
19006 Mudjeff 1 0 1442951713
19007 Valdar 1 0 1442954018
19008 Makkor 3 0 1442972333
19009 Rashka 7 0 1444005454
19010 Rozarius 3 0 1443551132
19011 Tae 5 0 1489968871
19012 Keldar 1 0 1443240607
19013 Mirander 2 0 1443242278
19014 Ott 3 0 1584226488
19015 Orinth 13 0 1584242685
19016 Sellis 16 0 1444093911
19017 Quelaan 3 0 1445292747
19018 Kaito 1 0 1445195907
19019 Themomentum 12 0 1446236413
19020 Carsomyr 3 0 1445282859
19021 Limera 10 0 1446236556
19022 Ferding 1 0 1446828678
19023 Krazy 1 0 1447267680
19024 Jumlong 99 0 1643036815
19025 Turkylirky 31 0 1451175577
19026 Phro 6 0 1450228954
19027 Luxx 15 0 1737901719
19028 Derfus 1 0 1452463501
19029 Splork 1 0 1452571768
19030 Cnan 1 0 1453747112
19031 Everydayminop 1 0 1453936615
19032 Eraithess 1 0 1453939351
19033 Yousif 1 0 1454529121
19034 Rais 1 0 1455855004
19035 Raru 1 0 1457303898
19036 Rox 1 0 1457305810
19037 Ahbir 2 0 1457659177
19038 Zixel 20 0 1589763707
19039 Gokayni 1 0 1458312765
19040 Zokial 1 0 1458668581
19041 Sharika 1 0 1458752603
19042 Depanbo 1 0 1459028847
19043 Skirlock 1 0 1459136813
19044 Mongognom 1 0 1459176210
19045 Queryte 1 0 1459230731
19046 Armibu 1 0 1459389802
19047 Molarmi 0 0 1459748385
19048 Torovisu 1 0 1460141871
19049 Andro 21 0 1463436483
19050 Anoman 3 0 1460479200
19051 Missklang 1 0 1460863696
19052 Dimondax 1 0 1461560356
19053 Sunohara 1 0 1460945921
19054 Phonoxad 1 0 1461013063
19055 Rubete 2 0 1461560896
19056 Kraylock 12 0 1476230106
19057 Alxndr 1 0 1461051400
19058 Raydecs 1 0 1461065421
19059 Yippie 1 0 1461360859
19060 Sintax 1 0 1461973147
19061 Simone 1 0 1462233795
19062 Squirrle 0 0 1462394749
19063 Polare 4 0 1462559609
19064 Gurv 4 0 1462470218
19065 Tsed 1 0 1463503039
19066 Johansen 1 0 1463538471
19067 Leonna 1 0 1463641595
19068 Yunghomie 15 0 1464904249
19069 Granidine 1 0 1464207769
19070 Xandorphious 7 0 1464817895
19071 Gregorgio 1 0 1464485822
19072 Zandorph 9 0 1464904251
19073 Catan 99 0 1739091014
19074 Zandorphious 5 0 1464901445
19075 Homeslice 9 0 1464904251
19076 Eslander 99 0 1737598283
19077 Porto 99 0 1737598357
19078 Slark 99 0 1722544325
19079 Polexa 1 0 1465567326
19080 Vaylon 1 0 1465688961
19081 Mand 99 0 1720632132
19082 Xiana 10 0 1577681526
19083 Elric 1 0 1466810413
19084 Dovakin 1 0 1467049661
19085 Davkas 7 0 1518281095
19086 Shaz 8 0 1479415397
19087 Shada 1 0 1467051596
19088 Kerex 7 0 1467872431
19089 Rhal 1 0 1467234491
19090 Kennon 1 0 1467762420
19091 Inar 1 0 1468120726
19092 Jaehoon 21 0 1681563468
19093 Jaehoonjhl 5 0 1471646705
19094 Azalin 1 0 1653142354
19095 Leptar 2 0 1469968636
19096 Hanzou 6 0 1471180433
19097 Ralk 1 0 1471026608
19098 Tedex 1 0 1471649519
19099 Chadmandoo 0 0 1472243018
19100 Rorne 5 0 1486230063
19101 Koren 2 0 1472318227
19102 Cryage 1 0 1472698938
19103 Centauri 8 0 1472963513
19104 Amadayo 4 0 1473643618
19105 Allroy 2 0 1474828514
19106 Mufasa 1 0 1474866254
19107 Cathryne 1 0 1475972624
19108 Dapocalypse 1 0 1476496176
19109 Malforn 7 0 1479430965
19110 Drixel 1 0 1478995915
19111 Elbo 5 0 1479440865
19112 Jerah 1 0 1479464375
19113 Fubbler 1 0 1481050321
19114 Catqueen 0 0 1482204189
19115 Iasi 1 0 1482456969
19116 Xanthar 1 0 1489324508
19117 Jujari 1 0 1483656407
19118 Svraches 1 0 1483840674
19119 Gilmore 1 0 1579477177
19120 Trekol 3 0 1485521653
19121 Reia 3 0 1484577891
19122 Hanzul 0 0 1484574701
19123 Zenock 1 0 1484711775
19124 Ish 1 0 1485039134
19125 Rokisha 1 0 1485984249
19126 Ajin 1 0 1485522073
19127 Inea 1 0 1485522070
19128 Treno 4 0 1486650360
19129 Teicho 18 0 1494623221
19130 Astrid 99 0 1731978350
19131 Nuith 8 0 1509458255
19132 Siv 7 0 1499299213
19133 Gudrun 2 0 1487476501
19134 Aaxle 1 0 1487537946
19135 Araxus 21 0 1535814869
19136 Fyndla 18 0 1604596152
19137 Wyari 10 0 1489130468
19138 Oawk 99 0 1739063027
19139 Bawks 20 0 1738367967
19140 Axel 1 0 1487890793
19141 Xerius 19 0 1492471502
19142 Yawk 99 0 1739087795
19143 Chia 1 0 1488594816
19144 Thyon 16 0 1588440073
19145 Tyfane 12 0 1617376067
19146 Comafy 17 0 1548384088
19147 Kray 3 0 1693552561
19148 Axen 1 0 1489452563
19149 Gowen 1 0 1685714986
19150 Esteii 36 0 1640556848
19151 Qerat 6 0 1491010079
19152 Naefir 13 0 1584325476
19153 Farnake 1 0 1518970925
19154 Awern 1 0 1490210648
19155 Legenol 1 0 1490918113
19156 Surax 8 0 1491390540
19157 Javen 5 0 1492098398
19158 Koril 4 0 1492400056
19159 Serik 26 0 1713696662
19160 Lerik 24 0 1713696665
19161 Kiash 47 0 1669388073
19162 Reith 20 0 1498498348
19163 Ryuikari 1 0 1533936270
19164 Kensi 1 0 1493322513
19165 Kensei 1 0 1493323306
19166 Goar 1 0 1493393129
19167 Vuur 11 0 1495596787
19168 Nilen 1 0 1493676453
19169 Brinn 1 0 1493767957
19170 Tukouga 2 0 1526783496
19171 Afingh 4 0 1494009668
19172 Argentus 1 0 1494556238
19173 Arisk 1 0 1494508925
19174 Celandra 10 0 1498153796
19175 Harma 5 0 1496193537
19176 Risk 26 0 1731977852
19177 Carric 1 0 1494550704
19178 Contua 5 0 1498153938
19179 Valod 1 0 1496723920
19180 Cookie 1 0 1496499589
19181 Oats 0 0 1496603802
19182 Pers 1 0 1497576595
19183 Hargreaves 1 0 1497913154
19184 Athualpal 20 0 1676860136
19185 Stienmaur 21 0 1676953521
19186 Wristo 1 0 1498555225
19187 Lycen 15 0 1676861811
19188 Tyam 15 0 1502184133
19189 Jazbix 4 0 1498792231
19190 Vicktor 1 0 1499136339
19191 Valerian 1 0 1500153312
19192 Garga 2 0 1501433604
19193 Witter 1 0 1501450587
19194 Thelfusa 2 0 1673816534
19195 Rawk 3 0 1512593057
19196 Enaubu 1 0 1503981830
19197 Gildire 5 0 1515376121
19198 Gintama 2 0 1504223932
19199 Maru 2 0 1504747948
19200 Mando 0 0 1504133084
19201 Merp 1 0 1504137397
19202 Birbed 0 0 1504136276
19203 Kahl 1 0 1504142082
19204 Birb 1 0 1504147263
19205 Kathryn 1 0 1504153920
19206 Jarvis 1 0 1504504265
19207 Asdfasdg 1 0 1504226549
19208 Sasuke 1 0 1504224600
19209 Circlemud 2 0 1504293789
19210 Egg 1 0 1504293802
19211 Chippolot 1 0 1676049419
19212 Kayin 1 0 1504302397
19213 Kuperfa 1 0 1504340622
19214 Sugaa 0 0 1504497614
19215 Katarsa 0 0 1504700481
19216 Ubisoft 1 0 1504897693
19217 Tarath 1 0 1505883307
19218 Falmor 1 0 1504924661
19219 Sega 2 0 1504929472
19220 Folmar 1 0 1504754296
19221 Scal 2 0 1504927088
19222 Activision 3 0 1505412988
19223 Azura 1 0 1504928455
19224 Tefi 10 0 1505947800
19225 Frum 8 0 1618176460
19226 Esse 4 0 1505275975
19227 Flanagan 5 0 1505442336
19228 Gems 23 0 1524070459
19229 Ninten 1 0 1505163187
19230 Mur 1 0 1505167758
19231 Crysis 1 0 1505514636
19232 Araragon 2 0 1505276069
19233 Ara 9 0 1548832371
19234 Eram 1 0 1505339956
19235 Mecha 2 0 1505945922
19236 Tammy 1 0 1505341815
19237 Excalibur 1 0 1505343714
19238 Zoya 1 0 1505343717
19239 Alber 0 0 1505343222
19240 Mekkatorque 1 0 1505350914
19241 Gerthy 1 0 1505349231
19242 Mekkatorn 2 0 1505355357
19243 Drachir 1 0 1505412339
19244 Drahcir 6 0 1506703593
19245 Krysis 3 0 1506179896
19246 Biofox 3 0 1506243373
19247 Yahoomie 1 0 1506448020
19248 Ckracklin 1 0 1506522728
19249 Claps 1 0 1506550488
19250 Finny 1 0 1506553491
19251 Fonny 1 0 1506553492
19252 Tarith 1 0 1506553098
19253 Odak 1 0 1506553098
19254 Inber 1 0 1506553096
19255 Gombe 1 0 1506553108
19256 Rurath 1 0 1506552578
19257 Jiro 1 0 1506578278
19258 Cobar 1 0 1506553094
19259 Gladius 1 0 1506655666
19260 Vimorn 0 0 1507049398
19261 Cawinna 0 0 1507298140
19262 Grintod 99 0 1520829073
19263 Duran 1 0 1532378284
19264 Voz 5 0 1509612611
19265 Deonyx 1 0 1684417626
19266 Alexio 2 0 1510537080
19267 Takati 5 0 1737303973
19268 Thanatos 2 0 1510657593
19269 Trags 11 0 1737759549
19270 Risa 65 0 1739077175
19271 Kragg 18 0 1557017546
19272 Karak 17 0 1514095356
19273 Angex 4 0 1737303438
19274 Tempo 5 0 1556419820
19275 Bandren 0 0 1511014895
19276 Damsen 2 0 1511062118
19277 Krot 14 0 1512048687
19278 Duanebow 0 0 1511207694
19279 Grug 1 0 1511215666
19280 Fury 3 0 1511756185
19281 Drex 2 0 1514095400
19282 Anix 29 0 1557606574
19283 Lobyrd 99 0 1520829075
19284 Gulg 1 0 1511646584
19285 Bex 4 0 1511749322
19286 Antix 74 0 1739077175
19287 Keegan 1 0 1511757690
19288 Tsulu 1 0 1511757689
19289 Antex 12 0 1512697065
19290 Hombu 1 0 1511808462
19291 Anexis 79 0 1739077175
19292 Sandon 1 0 1599237176
19293 Drek 17 0 1735948995
19294 Acri 16 0 1738891203
19295 Dert 1 0 1512706347
19296 Afix 17 0 1738891203
19297 Jefferee 1 0 1513273590
19298 Agni 10 0 1556820426
19299 Braxten 0 0 1513556154
19300 Baxten 1 0 1513557586
19301 Oskar 10 0 1518432659
19302 Brottor 10 0 1537600156
19303 Gaston 10 0 1515647263
19304 Cade 11 0 1515647277
19305 Dairyu 99 0 1739077175
19306 Laika 2 0 1514265496
19307 Ultrosawful 2 0 1514265475
19308 Jono 3 0 1733253717
19309 Joko 3 0 1514225393
19310 Blaufyr 99 0 1673234715
19311 Onei 4 0 1520035679
19312 Kass 4 0 1515463841
19313 Kell 48 0 1665272197
19314 Gantoris 42 0 1665272197
19315 Acyura 1 0 1516577476
19316 Kul 1 0 1516823581
19317 Enan 2 0 1516922355
19318 Vibe 1 0 1516848656
19319 Baran 4 0 1517270962
19320 Lamia 1 0 1517915743
19321 Drewin 1 0 1517938045
19322 Fbot 100 0 1567051482
19323 Elendril 1 0 1518062668
19324 Nim 1 0 1518132408
19325 Tothin 1 0 1518228651
19326 Dailen 1 0 1518276956
19327 Ebon 1 0 1518281102
19328 Solitus 1 0 1518365037
19329 Rhyis 1 0 1518387523
19330 Spawt 6 0 1518813841
19331 Fyrschild 6 0 1520061936
19332 Synnik 1 0 1519000314
19333 Specter 1 0 1519322042
19334 Renak 10 0 1520276539
19335 Ertru 38 0 1573441155
19336 Darun 6 0 1547240837
19337 Kiwren 40 0 1570332011
19338 Kerik 12 0 1569370331
19339 Joreq 1 0 1527265127
19340 Jerik 8 0 1728359110
19341 Ezlev 1 0 1521413417
19342 Bofa 1 0 1521492115
19343 Axylah 1 0 1521522073
19344 Herik 10 0 1681514773
19345 Balthamos 38 0 1571970669
19346 Guff 1 0 1522735615
19347 Sparkles 1 0 1523040565
19348 Orac 0 0 1523040544
19349 Jandax 9 e0 1525744864
19350 Kost 29 0 1665272047
19351 Tenderfoot 4 0 1525393483
19352 Lobert 1 0 1525891554
19353 Brizzaaa 1 0 1525891683
19354 Iquelme 1 0 1525891422
19355 Steph 1 0 1525891627
19356 Spaged 1 0 1525891675
19357 Lansa 1 0 1525891687
19358 Ryld 1 0 1525939801
19359 Eren 4 0 1569244453
19360 Andrei 1 0 1526214074
19361 Dirdurath 4 0 1569244519
19362 Almack 6 0 1526610479
19363 Finghubis 1 0 1526681657
19364 Tseptdre 1 0 1527479254
19365 Kalashtar 1 0 1527921369
19366 Plse 1 0 1528204272
19367 Fexi 13 0 1703814931
19368 Saban 3 0 1531094050
19369 Gort 1 0 1531442751
19370 Quillion 12 0 1634658861
19371 Rivadar 11 0 1713449482
19372 Solarius 7 0 1634658861
19373 Arakius 11 0 1634658861
19374 Realfingh 1 0 1531886683
19375 Glow 1 0 1532310118
19376 Jeyda 1 0 1532364572
19377 Erasia 1 0 1532378270
19378 Driven 1 0 1532378292
19379 Beatrice 1 0 1671034729
19380 Skrapi 1 0 1534973886
19381 Debatable 1 0 1535148733
19382 Dub 1 0 1535209183
19383 Mijk 1 0 1565083794
19384 Racka 2 0 1536620437
19385 Romero 1 0 1536620441
19386 Grinwal 2 0 1537224167
19387 Drunkenmage 1 0 1537220082
19388 Sagens 1 0 1537320210
19389 Kashlyn 1 0 1538278855
19390 Rittney 0 0 1539280192
19391 Mileth 2 0 1539284094
19392 Frodor 1 0 1539282151
19393 Famousdex 1 0 1539282343
19394 Lucilla 2 0 1543949462
19395 Rictophen 0 0 1539907086
19396 Rirx 1 0 1540148091
19397 Mekkie 1 0 1540184104
19398 Uhigies 0 0 1540182024
19399 Ecnal 33 0 1559058773
19400 Runs 99 0 1636610779
19401 Rens 99 0 1586223252
19402 Dakiri 1 0 1543082769
19403 Kellegos 15 0 1664497076
19404 Gallison 68 0 1606013296
19405 Dakkie 5 0 1562306341
19406 Cylure 52 0 1551757476
19407 Tearik 1 0 1546728866
19408 Vulkaar 12 0 1551375488
19409 Forendale 2 0 1547697145
19410 Fordjorn 4 0 1564272531
19411 Fyzkeldun 1 0 1548572541
19412 Arkaepnin 10 0 1549765981
19413 Fyzkelfyd 10 0 1617376063
19414 Tiu 1 0 1548718616
19415 Sagan 1 0 1549404454
19416 Shriekback 19 0 1589763709
19417 Toclafane 8 0 1548915212
19418 Zixen 3 0 1549312964
19419 Shriek 11 0 1589763707
19420 Kiaran 15 0 1552171404
19421 Cocher 22 0 1552845054
19422 Kyper 2 0 1551697046
19423 Horl 1 0 1551698578
19424 Nebbeh 11 0 1552845059
19425 Rans 44 0 1586223243
19426 Karome 2 0 1552879531
19427 Yulebrennar 1 0 1553562573
19428 Dominic 5 0 1595525776
19429 Kren 1 0 1553885476
19430 Chaplain 1 0 1554944826
19431 Airic 12 0 1557428786
19432 Mirna 12 0 1557428781
19433 Sclown 56 0 1563237054
19434 Ruien 1 0 1556799217
19435 Htims 3 0 1556818494
19436 Aegelweard 39 0 1631406516
19437 Scrooge 4 0 1570755239
19438 Huey 4 0 1559952360
19439 Duey 4 0 1557760132
19440 Luey 4 0 1557760131
19441 Xo 30 0 1737834924
19442 Atrollio 19 0 1566593342
19443 Mox 2 0 1559086983
19444 Khorr 68 0 1601676452
19445 Turgeron 70 0 1601694836
19446 Mejna 69 0 1690566421
19447 Naigus 24 0 1601959025
19448 Deslock 65 0 1601676605
19449 Berz 8 0 1578261558
19450 Kranos 20 0 1564444813
19451 Nafrin 4 0 1562658275
19452 Maliki 1 0 1563073624
19453 Kuvira 14 0 1689657711
19454 Mimbelag 13 0 1689255782
19455 Rahem 13 0 1739090636
19456 Sarafina 25 0 1619242012
19457 Nidalap 13 0 1735087504
19458 Nidoz 13 0 1703814991
19459 Saigus 12 0 1609559645
19460 Krygus 12 0 1609559627
19461 Aethon 2 0 1563736387
19462 Aethorn 1 0 1563737004
19463 Taurus 1 0 1563923325
19464 Tallia 10 0 1564432703
19465 Greatfox 2 0 1564390015
19466 Keric 99 0 1732987182
19467 Taco 1 0 1565274139
19468 Trider 8 0 1569830358
19469 Hikari 50 0 1615868549
19470 Samui 25 0 1755722206
19471 Utaboshi 51 0 1707813441
19472 Raba 1 0 1567046859
19473 Zoharn 2 0 1567476136
19474 Daciel 1 0 1567478377
19475 Sirlius 1 0 1567478372
19476 Jake 1 0 1567478366
19477 Drood 75 0 1568496890
19478 Giaccobe 99 0 1644188748
19479 Jagstor 99 0 1568429381
19480 Donaldtrump 1 0 1568685930
19481 Tet 0 0 1569064705
19482 Syrin 1 0 1569301277
19483 Chiron 1 a0 1645240928
19484 Nefi 3 0 1569724218
19485 Lefi 2 0 1569724218
19486 Fet 2 0 1569724368
19487 Kuragari 22 0 1592103415
19488 Strider 104 0 1755504012
19489 Minty 10 0 1644012466
19490 Clarisse 4 0 1570848819
19491 Neyra 1 0 1570828017
19492 Ramahh 10 0 1574300217
19493 Nombin 56 0 1583080181
19494 Monak 10 0 1573246590
19495 Anupta 3 0 1573681368
19496 Jaster 8 0 1575252261
19497 Jozan 2 0 1575570822
19498 Malgor 1 0 1575684867
19499 Jamp 2 0 1577907910
19500 Tamarindo 1 0 1675972931
19501 Brahm 1 0 1578101487
19502 Veigr 3 0 1578112528
19503 Grivvik 2 0 1578278790
19504 Yuril 1 0 1578115550
19505 Masoj 1 0 1578122796
19506 Prool 1 0 1578130981
19507 Messiaen 1 0 1578165778
19508 Vices 2 0 1578233878
19509 Sanibak 4 0 1588492997
19510 Kaedok 1 0 1578234209
19511 Korsibar 3 0 1578347361
19512 Nhudri 3 0 1578347361
19513 Derillion 3 0 1578347361
19514 Cholo 1 0 1578320770
19515 Akhim 1 0 1578436775
19516 Mogile 1 0 1578515148
19517 Woolfenn 1 0 1578684833
19518 Dezadryk 1 0 1578852439
19519 Thoru 1 0 1578869356
19520 Aldair 1 0 1578938482
19521 Noraffip 10 0 1583938937
19522 Fiparon 7 0 1703815028
19523 Daker 3 0 1586705767
19524 Drave 3 0 1579045982
19525 Savi 2 0 1579046000
19526 Vadi 1 0 1579893535
19527 Joscil 16 0 1609558288
19528 Elrdin 1 0 1581019878
19529 Fen 4 0 1581906401
19530 Lysaer 1 0 1581933452
19531 Thanius 3 0 1581966769
19532 Laia 3 0 1581966773
19533 Ain 1 0 1581967806
19534 Ezmodius 1 0 1582098986
19535 Agavripos 1 0 1581989841
19536 Wego 1 0 1582118472
19537 Hobbin 1 0 1582134908
19538 Corox 1 0 1582191841
19539 Xar 1 0 1582196609
19540 Shadorn 1 0 1582299364
19541 Dyron 1 0 1637295664
19542 Droth 1 0 1582474600
19543 Korin 3 0 1582502798
19544 Kelric 3 0 1582559462
19545 Tvrdy 1 0 1582837139
19546 Ix 1 0 1582857445
19547 Valan 1 0 1582989073
19548 Farous 1 0 1583230270
19549 Hex 1 0 1583352049
19550 Bigun 2 0 1583457786
19551 Hagh 0 0 1583457905
19552 Xev 1 0 1583526800
19553 Agaeti 5 0 1583995401
19554 Likchin 1 0 1583977440
19555 Shalasar 3 0 1584135245
19556 Freneck 1 0 1584056222
19557 Thorean 1 0 1584205865
19558 Look 1 0 1591587279
19559 Liana 4 0 1584823723
19560 Keg 1 0 1584835772
19561 Kaylus 1 0 1585053947
19562 Xandrea 2 0 1585108016
19563 Mcswampy 1 0 1585145774
19564 Khadafi 1 0 1585604000
19565 Xifunga 0 0 1585613275
19566 Pailja 0 0 1585619106
19567 Clodone 1 0 1585623999
19568 Valdi 1 0 1585640728
19569 Dohkad 1 0 1585711757
19570 Torain 1 0 1585863850
19571 Ashura 1 0 1585944218
19572 Shjen 1 0 1586315029
19573 Grendl 1 0 1586436498
19574 Sihaja 1 0 1586723373
19575 Zipponi 1 0 1587146549
19576 Paparku 1 0 1587160613
19577 Mianii 1 0 1587208464
19578 Yoporso 0 0 1587515616
19579 Jibb 1 0 1587561147
19580 Jona 1 0 1587768055
19581 Whiisp 1 0 1587784445
19582 Kukoolu 1 0 1587871766
19583 Freyr 10 0 1588436998
19584 Phazer 1 0 1587951021
19585 Zolipha 1 0 1588228531
19586 Nethril 1 0 1588340551
19587 Eatitlo 1 0 1588541100
19588 Tren 1 0 1588495316
19589 Daburar 0 0 1588584363
19590 Fu 1 0 1588714644
19591 Ewus 1 0 1588842409
19592 Zahunba 1 0 1588856432
19593 Anjeepo 1 0 1588856646
19594 Kamir 1 0 1588884725
19595 Varthan 1 0 1599237557
19596 Zxnatl 11 0 1589763707
19597 Nethipholos 5 0 1595614930
19598 Iacui 2 0 1589232468
19599 Slean 1 0 1589129090
19600 Vaxarn 3 0 1589234891
19601 Nexia 3 0 1589151319
19602 Xaarrmo 1 0 1589213812
19603 Chen 2 0 1589241025
19604 Raisk 1 0 1589246389
19605 Ryvold 10 0 1589926339
19606 Benjamin 1 0 1589459948
19607 Mioogu 1 0 1589569936
19608 Sara 1 0 1589584136
19609 Sdf 1 d0 1589727682
19610 Erranwa 1 0 1589927857
19611 Soburdo 1 0 1589929138
19612 Volawk 19 0 1693252558
19613 Eeva 1 0 1590207940
19614 Edage 1 0 1590279147
19615 Fazepra 1 0 1590285208
19616 Oddler 1 0 1590403367
19617 Khanon 1 0 1590483075
19618 Foharbu 0 0 1590640924
19619 Tarn 1 0 1590808703
19620 Redgar 2 0 1591090290
19621 Arjeebu 1 0 1590995891
19622 Laergon 1 0 1591241208
19623 Zoyeemi 0 0 1591353294
19624 Trinigwarn 19 0 1616424714
19625 Etemiel 1 0 1591464606
19626 Inoellen 3 0 1591470020
19627 Gicuper 0 0 1591709416
19628 Enlipwo 0 0 1591718669
19629 Satunpa 0 0 1591718778
19630 Gogermi 1 0 1591718914
19631 Loif 10 0 1665646479
19632 Lufa 99 0 1667465147
19633 Tesha 1 0 1591968702
19634 Aeslynn 5 0 1599147383
19635 Surreal 5 0 1592183870
19636 Yvonnel 1 0 1592131935
19637 Jaenelle 2 0 1592311484
19638 Xiperzo 0 0 1592076078
19639 Qwidbic 13 0 1598390290
19640 Joisan 1 0 1592178662
19641 Sylune 1 0 1592183885
19642 Craigcolby 1 0 1592361240
19643 Zamarvi 1 0 1592432891
19644 Hodogu 1 0 1592790601
19645 Kortu 1 0 1592836234
19646 Fell 4 0 1608168937
19647 Himobo 1 0 1593146720
19648 Tehuti 1 0 1593147626
19649 Kalyssa 1 0 1593199708
19650 Pozepka 1 0 1593501970
19651 Lim 1 0 1593514656
19652 Hobble 5 0 1627055590
19653 Lolindi 1 0 1593671274
19654 Alaria 1 0 1593852810
19655 Palipal 0 0 1593860146
19656 Griffette 37 0 1689255977
19657 Dagoki 0 0 1594215474
19658 Draegothe 4 0 1594517186
19659 Caledor 2 0 1594427934
19660 Soclarlu 1 0 1594571091
19661 Xateedu 1 0 1594928825
19662 Banax 7 0 1596158670
19663 Pazapcu 1 0 1595283903
19664 Molis 4 0 1719331478
19665 Anarion 5 0 1595573804
19666 Renneck 1 0 1595609910
19667 Bumarcu 1 0 1595642220
19668 Rogi 2 0 1598481138
19669 Clyde 1 0 1595808420
19670 Eneelo 1 0 1595998557
19671 Snoa 1 0 1596110955
19672 Nigola 1 0 1596353334
19673 Yapanal 1 0 1596709358
19674 Getts 1 0 1596722908
19675 Spi 1 0 1596730982
19676 Rholt 4 0 1621473759
19677 Excrutio 3 0 1597012285
19678 Sawinro 1 0 1597066028
19679 Zorgan 1 0 1597084548
19680 Gerd 1 0 1597193463
19681 Huglak 1 0 1597347106
19682 Belgahr 1 0 1597419253
19683 Bellor 4 0 1597442914
19684 Kawaroo 1 0 1597422991
19685 Murri 1 0 1597598871
19686 Xateeni 0 0 1597778474
19687 Tramplestein 1 0 1597971080
19688 Zamsar 1 0 1598024481
19689 Vaunsa 1 0 1598136586
19690 Pimarer 1 0 1598492311
19691 Ragnaris 8 0 1599545314
19692 Zorinar 1 0 1598756903
19693 Lamorak 11 0 1599450144
19694 Ihatgru 1 0 1598788567
19695 Vagode 1 0 1598848128
19696 Dresdan 3 0 1673853735
19697 Buverda 1 0 1599204618
19698 Huxley 1 0 1605055190
19699 Wijarko 1 0 1599560629
19700 Agnir 1 0 1599602999
19701 Morlaf 1 0 1599690244
19702 Fazeeoe 0 0 1599916969
19703 Tolrein 1 0 1600106562
19704 Woooxa 1 0 1600272964
19705 Stavr 3 0 1601302998
19706 Boranmi 1 0 1600630756
19707 Swayod 5 0 1724433390
19708 Glaim 5 0 1724433207
19709 Rolatti 4 0 1724433281
19710 Swayne 3 0 1724433319
19711 Leroc 1 0 1601198235
19712 Blu 10 0 1600962747
19713 Doublechinok 1 0 1600895220
19714 Yoporsu 1 0 1600987694
19715 Buan 6 0 1602382802
19716 Lupanfa 0 0 1601342968
19717 Sharra 3 0 1601688638
19718 Kayo 15 0 1602530188
19719 Anand 1 0 1601528724
19720 Minsq 6 0 1601702275
19721 Cueffya 0 0 1601700326
19722 Dea 3 0 1602107476
19723 Jexx 9 0 1726639290
19724 Drath 10 0 1654228053
19725 Sujeegu 1 0 1602056182
19726 Gooppfu 1 0 1602412366
19727 Ruckus 1 0 1602485671
19728 Mihunso 1 0 1602769938
19729 Azio 18 0 1735087547
19730 Dravan 1 0 1603020521
19731 Doarrga 1 0 1603125201
19732 Azia 14 0 1735087588
19733 Kowarvi 1 0 1603482674
19734 Dres 102 0 1627956779
19735 Draga 1 0 1603602799
19736 Nilunau 1 0 1603837764
19737 Azie 23 0 1735087612
19738 Velan 1 0 1719774437
19739 Liorna 1 0 1604001968
19740 Skythus 1 0 1604006114
19741 Nepter 4 0 1604123731
19742 Tozepsu 1 0 1604195347
19743 Verrez 1 0 1604283847
19744 Telhar 1 0 1604422941
19745 Zayepsa 1 0 1604553993
19746 Faerylyn 82 0 1613936843
19747 Golanth 99 0 1737962350
19748 Felessan 99 0 1737962173
19749 Balefore 17 0 1614459880
19750 Zeypherus 20 0 1610855634
19751 Malleus 1 0 1604875576
19757 Cerworn 99 0 1739088637
19753 Nattook 99 0 1738666159
19754 Shimono 99 0 1739088613
19755 Auvcan 99 0 1737962122
19756 Voltel 99 0 1737962916
19758 Drakala 99 0 1737962159
19759 Ari 99 0 1737962122
19760 Zimmeret 99 0 1738232085
19861 Trowa 99 0 1737962860
19762 Sheara 99 0 1738744897
19763 Selyn 99 0 1737962774
19764 Orshel 99 0 1739088890
19765 Lismini 99 0 1739089298
19766 Gaz 99 0 1738316349
19767 Falon 99 0 1738665844
19768 Dena 99 0 1739088713
19769 Mitargo 1 0 1604912304
19770 Malifaxis 1 0 1604917779
19771 Blarn 2 0 1604983999
19772 Hutdrid 3 0 1604992535
19773 Aril 1 0 1605050046
19774 Gruul 82 0 1613936821
19775 Dom 1 0 1605061390
19776 Xieatro 1 0 1605267566
19777 Iosin 1 0 1605288151
19778 Egainan 1 0 1605415664
19779 Iteralde 12 0 1607230640
19780 Zathspar 99 0 1737974269
19781 Kiporzi 1 0 1605624101
19782 Kooora 0 0 1605980590
19783 Bethane 1 0 1606025724
19784 Darraki 1 0 1606034769
19785 Jobo 1 0 1733253754
19786 Labia 1 0 1606188764
19787 Persephone 1 0 1606219121
19788 Comenab 0 0 1606336458
19789 Odilia 1 0 1606442796
19790 Madowa 1 0 1606691983
19791 Zariya 1 0 1606709322
19792 Zousa 1 0 1606777276
19793 Takke 1 0 1606845427
19794 Swirly 1 0 1607629211
19795 Lunoro 1 0 1606983850
19796 Ryuki 1 0 1606989916
19797 Erion 1 0 1607019185
19798 Oeparvo 1 0 1607049090
19799 Tleeths 1 0 1607230963
19800 Orff 15 0 1616772839
19801 Wijayer 0 0 1607404938
19802 Ciperfu 1 0 1607762821
19803 Damika 1 0 1608118992
19804 Procan 1 0 1608418533
19805 Cronada 1 0 1608418540
19806 Shakrim 1 0 1608454398
19807 Yiyenku 1 0 1608474866
19808 Jrkrkr 1 0 1608481690
19809 Koopppo 0 0 1608832395
19810 Zod 1 0 1608870027
19811 Suhadmi 0 0 1609187610
19812 Slater 1 0 1609347503
19813 Pakonro 1 0 1609544448
19814 Zicupja 1 0 1609900989
19815 Merek 1 0 1609934385
19816 Alauwi 1 0 1610256694
19817 Shareefa 1 0 1610281452
19818 Istria 1 0 1610323899
19819 Tinycell 1 0 1610377764
19820 Alcos 1 0 1610572010
19821 Gopanpa 0 0 1610613736
19822 Rabscuttle 1 0 1697832179
19823 Payeeyi 1 0 1610969896
19824 Linkovitch 1 0 1611265300
19825 Alpayne 2 0 1611277292
19826 Dozepxo 1 0 1611325461
19827 Toxic 1 0 1611637936
19828 Kizeppo 1 0 1611682965
19829 Shlonk 4 0 1612024941
19830 Gili 13 0 1612081207
19831 Sinza 6 0 1612035608
19832 Deranja 1 0 1612038670
19833 Dalipno 1 0 1612394753
19834 Deus 1 0 1612428742
19835 Kazimir 6 0 1638469397
19836 Torranis 99 0 1738095008
19837 Aufeefa 1 0 1612750661
19838 Raei 1 0 1612764255
19839 Ragerja 0 0 1613108537
19840 Forvius 1 0 1613275967
19841 Bojeepa 1 0 1613463966
19842 Adaliah 1 0 1613555787
19843 Ahbeng 1 0 1613740847
19844 Xizapxo 1 0 1613822121
19845 Gotha 1 0 1613891516
19846 Zakaaoe 1 0 1614178270
19847 Gyiyg 1 0 1614205122
19848 Kaish 47 0 1669388070
19849 Preat 47 0 1669387790
19850 Aeyk 47 0 1669387666
19851 Borgo 1 0 1614265976
19852 Derix 1 0 1614412210
19853 Zaranci 1 0 1614532883
19854 Aezk 47 0 1615624327
19855 Silas 1 0 1614618540
19856 Lyno 99 0 1667468588
19857 Ludo 11 0 1662272970
19858 Lemoo 1 0 1667972481
19859 Finghus 1 0 1614707164
19860 Kias 6 0 1669387640
19862 Eventh 3 0 1661648172
19863 Brin 1 0 1614812227
19864 Kais 6 0 1669387622
19865 Preatil 6 0 1669387801
19866 Aexk 6 0 1615327586
19867 Aevk 6 0 1615327638
19868 Loap 99 0 1667459357
19869 Lempi 99 0 1667448961
19870 Sazapta 1 0 1614890972
19871 Isperi 1 0 1615118200
19872 Newy 8 0 1615302048
19873 Iuv 1 0 1615193298
19874 Pocorfo 1 0 1615245661
19875 Susanoo 1 0 1615276805
20689 Ningimbly 1 0 1700667897
19877 Rosa 1 0 1615504074
19878 Iayla 1 0 1615578381
19879 Voreevy 0 0 1615602969
19880 Zenawk 19 0 1693279457
19881 Foug 8 0 1621393525
19882 Felj 8 0 1621393525
19883 Xolarwi 1 0 1615956178
19884 Krej 44 0 1623285920
19885 Anreegi 1 0 1616312718
19886 Judazz 1 0 1616627824
19887 Dualer 0 0 1616668343
19888 Krob 44 0 1623285917
19889 Cadaazi 1 0 1617025155
19890 Kruk 48 0 1623285915
19891 Dakonsu 1 0 1617382620
19892 Anlarli 1 0 1617737686
19893 Francel 6 0 1619070950
19894 Sukiil 0 0 1618093216
19895 Raiilu 0 0 1618451447
19896 Krax 47 0 1623285911
19897 Melnawk 32 0 1738979056
19898 Enwardo 1 0 1618808176
19899 Nibarbo 0 0 1619164175
19900 Drawk 1 0 1693252573
19901 Zeawk 1 0 1693251931
19902 Tzawk 1 0 1693251885
19903 Riawk 32 0 1693723908
19904 Zuawk 1 0 1693279033
19905 Baael 1 0 1619346184
19906 Degerka 1 0 1619519792
19907 Pioppan 1 0 1619877025
19908 Vain 2 0 1619969001
19909 Kriv 47 0 1623285907
19910 Voarrzo 1 0 1620232362
19911 Tinawk 14 0 1738411639
19912 Gilawk 14 0 1737567531
19913 Swenct 10 0 1724433604
19914 Flenct 12 0 1724433833
19915 Rowaxro 1 0 1620588216
19916 Oblive 1 0 1620598213
19917 Tatabutataka 13 0 1724433803
19918 Kelladin 10 0 1620798334
19919 Ariadne 1 0 1620889567
19920 Enlipmi 1 0 1620946581
19921 Fudge 1 0 1621281386
19922 Kucupab 1 0 1621302955
19923 Innaeli 1 0 1621476572
19924 Elimfil 1 0 1621631121
19925 Bodaaen 0 0 1621658926
19926 Nogarhi 1 0 1622014138
19927 Rilok 1 0 1649899152
19928 Valsavis 1 0 1622190401
19929 Lufeela 1 0 1622372208
19930 Terik 43 0 1696020578
19931 Verid 3 0 1696122043
19932 Perin 18 0 1698959102
19933 Keito 1 0 1622699204
19934 Luvervo 1 0 1622728646
19935 Alerehin 1 0 1715304776
19936 Ziyende 1 0 1623085032
19937 Verrix 1 0 1623266562
19938 Fenicks 1 0 1623332771
19939 Elisander 26 0 1697118587
19940 Nilooki 1 0 1623440385
19941 Nizapfu 1 0 1623795509
19942 Strix 2 0 1623900310
19943 Parhelion 1 0 1624140559
19944 Aljayvi 1 0 1624153883
19945 Miranko 1 0 1624509334
19946 Fuffy 1 0 1686727212
19947 Hardblow 1 0 1624531501
19948 Xaldon 1 0 1624809374
19949 Eaesum 4 0 1624824743
19950 Bokken 3 0 1624844495
19951 Sorros 1 0 1624851421
19952 Kowaxvi 1 0 1624866801
19953 Mathisto 1 0 1624943838
19954 Woleedo 1 0 1625221414
19955 Zoreega 0 0 1625579003
19956 Asmund 8 0 1733409251
19957 Wulfvric 8 0 1625892266
19958 Viabja 0 0 1625936182
19959 Mmiao 5 0 1672638631
19960 Vaforki 1 0 1626290980
19961 Xenolitx 1 0 1626460894
19962 Guiifa 1 0 1626647512
19963 Yorn 1 0 1626672544
19964 Vei 1 0 1626968203
19965 Todoya 1 0 1627004594
19966 Fireshield 99 0 1627087112
19967 Tarren 1 0 1627768957
19968 Deejayfx 1 0 1627097533
19969 Hanshun 1 0 1627294604
19970 Starace 1 0 1627319932
19971 Zijayya 1 0 1627359943
19972 Galinda 99 0 1737962223
19973 Malore 99 0 1737962520
19974 Fiyero 99 0 1737962203
19975 Elphaba 99 0 1707560035
19976 Nessa 99 0 1737962674
19977 Validaria 99 0 1737962897
19978 Gir 99 0 1737962294
19979 Kabarba 1 0 1627717908
19980 Irmond 1 0 1627749470
19981 Zenhaivne 5 0 1628120226
19982 Malinard 15 0 1645896891
19983 Kogan 1 0 1627883510
19984 Malinose 15 0 1645896888
19985 Woreeci 1 0 1628074574
19986 Xeratu 2 0 1628121212
19987 Irk 23 0 1726408359
19988 Jorb 7 0 1726405235
19989 Keydin 6 0 1726405273
19990 Merkle 11 0 1640659401
19991 Brewslee 10 0 1640642543
19992 Ashlyn 1 0 1628400972
19993 Selfin 1 0 1628406877
19994 Oeyarvy 0 0 1628430252
19995 Random 4 0 1628465762
19996 Kasimov 1 0 1628552941
19997 Cifunoe 1 0 1628784914
19998 Rakof 1 0 1628910479
19999 Suforvy 0 0 1629141721
20000 Fenigal 1 0 1629179221
20001 Cokko 1 0 1629179234
20002 Makonxa 1 0 1629498574
20003 Cifarni 1 0 1629855490
20004 Zicorwi 1 0 1630212472
20005 Raharfo 1 0 1630567053
20006 Horeeer 1 0 1630925374
20007 Ruom 1 0 1630947319
20008 Busk 1 0 1631064520
20009 Thwap 1 0 1631232965
20010 Gigarwi 0 0 1631282155
20011 Howaxcu 0 0 1631638559
20012 Vhanwe 1 0 1631733015
20013 Tesster 1 0 1631942484
20014 Hanabi 1 0 1631987675
20015 Ciburgu 1 0 1631992864
20016 Shadysinner 1 0 1632003082
20017 Xoc 1 0 1632090269
20018 Sluff 1 0 1632298397
20019 Karunga 1 0 1632350811
20020 Jae 1 0 1632603418
20021 Jance 1 0 1632675583
20022 Balian 4 0 1632704431
20023 Matunen 0 0 1632706838
20024 Widmar 1 0 1632829442
20025 Janxz 1 0 1632932722
20026 Nofeeku 1 0 1633063027
20027 Demas 1 0 1633201290
20028 Rogzel 12 0 1713192812
20029 Akamai 1 0 1633237791
20030 Xvisitor 1 0 1633269490
20031 Hahadda 1 0 1633418951
20032 Siruson 1 0 1633424696
20033 Invenguam 1 0 1633489258
20034 Ceayo 1 0 1633629933
20035 Arpanto 1 0 1633775545
20036 Yoalko 1 0 1634132185
20037 Lomoni 1 0 1634488315
20038 Darx 1 0 1634508719
20039 Kayrosh 1 0 1634680488
20040 Surma 1 0 1634751458
20041 Domivy 0 0 1634845195
20042 Nihadku 0 0 1635202076
20043 Benn 1 0 1635389310
20044 Rowaxhi 0 0 1635558292
20045 Hiel 1 0 1635703080
20046 Zanven 1 0 1635703399
20047 Ayaan 1 0 1635876810
20048 Zohadpa 1 0 1635913556
20049 Dajardo 1 0 1636270084
20050 Adwarerd 2 0 1636353880
20051 Zolunca 1 0 1636630403
20052 Tensel 99 0 1713358122
20053 Namenwi 1 0 1636987745
20054 Issiri 1 0 1637185728
20055 Karesyle 1 0 1637197742
20056 Hizapha 1 0 1637343221
20057 Octy 1 0 1637345935
20058 Gzfly 1 0 1637665705
20059 Duarrwi 0 0 1637701031
20060 Lajeero 1 0 1638055533
20061 Shift 1 0 1638209026
20104 Nolongervalid 1 0 1641913381
20063 Abfunar 1 0 1638412783
20064 Torel 99 0 1722544402
20065 Mersh 99 0 1737598457
20066 Ilish 99 0 1735785402
20067 Tors 99 0 1735785404
20068 Illarno 0 0 1638768425
20069 Zoparca 1 0 1639124395
20070 Pokula 2 0 1639184029
20071 Razaria 41 0 1646007673
20072 Bahia 13 0 1639792298
20073 Tokier 0 0 1639481892
20074 Phaergus 1 0 1639536355
20075 Godaaab 1 0 1639838257
20076 Morris 92 0 1731977907
20077 Zaversu 1 0 1640194437
20078 Aaver 99 0 1720632065
20079 Heny 99 0 1722543998
20080 Pashku 47 0 1646700675
20081 Col 99 0 1737598301
20082 Bolle 19 0 1641177402
20083 Asphalt 1 0 1640532907
20084 Belron 1 0 1640534587
20085 Xiyeevy 1 0 1640551690
20086 Wozzaki 40 0 1646007673
20087 Jhaan 1 0 1640729587
20088 Juju 4 0 1640748594
20089 Hanzo 14 0 1641177402
20090 Zozi 2 0 1640889954
20091 Rokari 43 0 1646007705
20092 Morkopi 1 0 1640890338
20093 Koarren 1 0 1640907265
20094 Cloak 1 0 1661887604
20095 Krast 1 0 1641092927
20096 Merak 9 0 1642427474
20097 Merrick 8 0 1642427474
20098 Murgh 6 0 1642427474
20099 Loreewa 1 0 1641263444
20100 Milkywave 1 0 1641597869
20101 Cazeeil 1 0 1641620186
20102 Lokar 99 0 1739090939
20103 Neochaz 12 0 1643248808
20105 Nolongervalidtwo 11 0 1641914050
20106 Worunxo 1 0 1641976268
20107 Duunga 11 0 1685587633
20108 Vito 7 0 1643246157
20109 Arashi 7 0 1642268939
20110 Majir 2 0 1643239644
20111 Kitunpi 1 0 1642332869
20112 Hikkyen 1 0 1642375337
20113 Axtl 1 0 1642398108
20114 Mgruumh 1 0 1642427474
20115 Reliic 4 0 1642479816
20116 Fayde 1 0 1642486560
20117 Paver 99 0 1722543283
20118 Aerik 1 0 1642587749
20119 Cokedawg 1 0 1647281437
20120 Jaunlo 0 0 1642689830
20121 Quamen 11 0 1688081515
20122 Adohi 15 0 1643329527
20123 Roric 21 0 1646761204
20124 Yunfei 1 0 1642857066
20125 Shazar 2 0 1642914793
20126 Draenara 2 0 1642956506
20127 Illarwi 0 0 1643046839
20128 Therop 1 0 1643141224
20129 Kloud 6 0 1643482094
20130 Loperxi 1 0 1643402154
20131 Orcais 1 0 1643495220
20132 Malic 25 0 1646760266
20133 Orric 22 0 1646759652
20134 Magestic 1 0 1643596842
20135 Tiroc 22 0 1646759654
20136 Orroc 22 0 1646759657
20137 Rokoogu 0 0 1643758953
20138 Bs 1 a0 1643768142
20139 Pash 28 0 1701367700
20140 Mash 35 0 1733417939
20141 Atherta 1 0 1643945833
20142 Kubarab 1 0 1644114828
20143 Qash 40 0 1701279783
20144 Irissoya 4 0 1644221290
20145 Firegriff 1 0 1644436760
20146 Naburda 1 0 1644471031
20147 Luba 99 0 1667458316
20148 Lefa 99 0 1667448702
20149 Pypo 1 0 1644554841
20150 Lokima 20 0 1646007673
20151 Edguy 1 0 1644672474
20152 Duunsa 1 0 1644827647
20153 Duleetu 1 0 1644832177
20154 Lyft 99 0 1669178590
20155 Gargun 2 0 1646307585
20156 Gureedo 1 0 1645189105
20157 Kaylara 99 0 1737962413
20158 Nerik 7 0 1645251943
20159 Herix 59 0 1738373977
20160 Stenip 17 0 1648861436
20161 Vasel 21 0 1651381144
20162 Kellen 3 0 1645384336
20163 Danely 13 0 1646887167
20164 Ketten 18 0 1651381142
20165 Laird 99 0 1667364431
20166 Lanik 99 0 1665907734
20167 Soalris 1 0 1645470400
20168 Vygovi 1 0 1645555739
20169 Bronwyn 4 0 1694803715
20170 Lealmir 18 0 1662272980
20171 Lankir 18 0 1662272929
20172 Neric 8 0 1697598153
20173 Kaba 2 0 1645673486
20174 Daver 1 0 1650133932
20175 Nox 1 0 1645895404
20176 Hieesu 1 0 1645910386
20177 Murl 2 0 1646937469
20178 Sherle 1 0 1646937469
20179 Polaris 1 0 1646117953
20180 Vayeelo 1 0 1646267067
20181 Kath 1 0 1646308236
20182 Vash 73 0 1733417931
20183 Rayotuir 1 0 1650568170
20184 Pafarga 1 0 1646625332
20185 Nogaruk 1 0 1700659275
20186 Ronfar 1 0 1646854453
20187 Cerix 11 0 1654911101
20188 Lanya 5 0 1647198489
20189 Lockhed 1 0 1665175655
20190 Beithir 13 0 1689256361
20191 Snil 86 0 1722544387
20192 Reoanaigh 13 0 1689256060
20193 Citrin 8 0 1648581258
20194 Vibonli 1 0 1646980695
20195 Laygrim 1 0 1667972659
20196 Achaz 6 0 1700482275
20197 Gchaz 2 0 1647048151
20198 Carnaj 1 0 1647125101
20199 Martinelli 1 0 1664031372
20200 Larix 14 0 1648861436
20201 Fril 99 0 1722866197
20202 Tash 6 0 1698109843
20203 Zikier 1 0 1647332681
20204 Roscoe 8 0 1647892783
20205 Beldin 15 0 1647723954
20206 Junl 1 0 1647589675
20207 Elfadil 11 0 1676682989
20208 Althalus 16 0 1650991538
20209 Chaldin 15 0 1650233667
20210 Auauvi 1 0 1648046355
20211 Jezubite 1 0 1648127877
20212 Mril 99 0 1735785402
20213 Yocupar 0 0 1648403703
20214 Waoppxi 1 0 1648757715
20215 Laith 18 0 1662872702
20216 Leddie 22 0 1666841478
20217 Jaurel 7 0 1663332158
20218 Homengo 0 0 1649115752
20219 Vafunoe 1 0 1649471046
20220 Remil 13 0 1650657182
20221 Tarnoth 15 0 1650657182
20222 Suyeezi 0 0 1649827566
20223 Horsag 1 0 1649862996
20224 Vorath 5 0 1650130268
20225 Jayzusc 1 0 1649911838
20226 Gorlak 13 0 1650657182
20227 Jonik 11 0 1650657182
20228 Torkar 2 0 1650083854
20229 Timrean 1 0 1650085842
20230 Rhys 11 0 1650657182
20231 Nym 4 0 1650137543
20232 Ayre 1 0 1650137543
20233 Aimon 1 0 1650137543
20234 Ascal 1 0 1650137543
20235 Bailtu 1 0 1650185105
20236 Shug 1 0 1650548755
20237 Orist 1 0 1650406264
20238 Malin 1 0 1650407155
20239 Xocorgu 1 0 1650540826
20240 Besca 1 0 1650590670
20241 Vyn 1 0 1650706109
20242 Vorth 13 0 1652060931
20243 Focupyi 1 0 1650897558
20244 Locker 37 0 1651310288
20245 Luggage 37 0 1651310288
20246 Jot 7 0 1651808279
20247 Donnybloke 1 0 1651148157
20248 Ziteewo 1 0 1651253615
20249 Sore 1 0 1651411543
20250 Goranzi 1 0 1651614335
20251 Salooja 0 0 1651969939
20252 Ssk 1 0 1652142384
20253 Asja 3 0 1652310805
20254 Voleemo 1 0 1652330246
20255 Jorindale 1 0 1652402279
20256 Arcaina 1 0 1652666100
20257 Niperho 1 0 1652690303
20258 Hadunta 1 0 1653045899
20259 Garn 1 0 1653099151
20260 Podunwo 1 0 1653402676
20261 Gerda 1 0 1653441968
20262 Yokeemo 1 0 1653760450
20263 Midge 96 0 1722544254
20264 Drogin 3 0 1653876703
20265 Mochi 1 0 1653967787
20266 Reil 1 0 1655135695
20267 Grung 2 0 1654058416
20268 Zobonya 1 0 1654115313
20269 Rheil 2 0 1654831924
20270 Maloc 1 0 1690933839
20271 Fiora 4 0 1654484432
20272 Faeffki 1 0 1654471033
20273 Feora 1 0 1654657844
20274 Doyoo 1 0 1654786180
20275 Buyeeoe 1 0 1654829304
20276 Maeatoo 1 0 1654832726
20277 Anloowo 1 0 1654836517
20278 Kibonha 1 0 1654839321
20279 Miri 8 0 1655438307
20280 Rhodesuka 1 0 1655136758
20281 Rhodina 3 0 1655180941
20282 Cakooyo 0 0 1655196437
20283 Doryn 1 0 1655361212
20284 Likonci 1 0 1655552301
20285 Slowjack 1 0 1655848077
20286 Xoloohi 0 0 1655908340
20287 Dsdon 1 0 1656437363
20288 Dopanda 1 0 1656263721
20289 Codorjo 1 0 1656269532
20290 Koruner 1 0 1656272899
20291 Shinty 1 0 1656588455
20292 Ooharyi 0 0 1656628540
20293 Aestheus 1 0 1656698288
20294 Bayal 1 0 1656720451
20295 Yuyin 3 0 1656815324
20296 Kilungu 1 0 1656986208
20297 Drakkar 1 0 1657072949
20298 Wimwinkle 5 0 1657220724
20299 Ilbarxa 0 0 1657342097
20300 Mazapzi 0 0 1657697265
20301 Viclarba 0 0 1658053759
20302 Gehadron 3 0 1658073176
20303 Boq 99 0 1737964230
20304 Discord 100 0 1739034389
20305 Nozeeha 1 0 1658411730
20306 Snarkyshark 3 0 1658715548
20307 Paooci 0 0 1658765758
20308 Gamaroch 1 0 1705003695
20309 Feanix 1 0 1659058883
20310 Iljaril 1 0 1659123443
20311 Corsa 3 0 1659734909
20312 Yerald 1 0 1659574486
20313 Fjhjgda 1 0 1659638277
20314 Tancred 2 0 1659921838
20315 Bortus 2 0 1660024524
20316 Donaar 13 0 1662937284
20317 Dril 99 0 1737598262
20318 Denka 99 0 1737962122
20319 Laurentius 1 0 1660079060
20320 Mraz 99 0 1737962600
20321 Ortolan 1 0 1660224299
20322 Xailor 3 0 1660377157
20323 Gornak 1 0 1661712988
20324 Zard 99 0 1735843401
20325 Lyadra 99 0 1737962501
20326 Phillameia 99 0 1737962728
20327 Pina 99 0 1722544275
20328 Weif 1 0 1661026126
20329 Davonskevort 1 0 1661024841
20330 Dlun 5 0 1661091687
20331 Darrks 1 0 1661100791
20332 Meeka 99 0 1722544137
20333 Broeg 10 0 1662076890
20334 Varnestra 4 0 1689256535
20335 Cerionis 4 0 1689256399
20336 Teric 37 0 1738112657
20337 Peric 2 0 1661656999
20338 Ral 99 0 1722544297
20339 Rael 3 0 1661908339
20340 Silvia 4 0 1662223420
20341 Kanthanos 1 0 1662273990
20342 Jessrond 1 0 1662328520
20343 Aia 99 0 1720632076
20344 Lann 42 0 1665925835
20345 Aischos 5 0 1663240510
20346 Krakenskulz 1 0 1663213606
20347 Darisma 1 0 1663228438
20348 Northuoren 1 0 1663267144
20349 Okamenshi 1 0 1663267157
20350 Haha 1 0 1663456061
20351 Anon 1 0 1663503659
20352 Morbin 1 0 1732940536
20353 Arran 1 0 1664071519
20354 Daemyan 2 0 1680736989
20355 Nort 1 0 1664319732
20356 Unoma 77 0 1720632281
20357 Derfius 2 0 1664838176
20358 Luracha 1 0 1666841113
20359 Blonk 12 0 1665888584
20360 Mictian 12 0 1665888586
20361 Rayman 12 0 1665888563
20362 Trinok 12 0 1665888593
20363 Slink 15 0 1665888581
20364 Nimbar 1 0 1665680511
20365 Larthian 1 0 1665983159
20366 Zash 5 0 1674092339
20367 Elissa 1 0 1666229323
20368 Elissanna 1 0 1666311950
20369 Xiarz 1 0 1666543132
20370 Derfias 14 0 1677378075
20371 Clovis 11 0 1667108902
20372 Rauric 1 0 1667507941
20373 Oggie 11 0 1668339427
20374 Leafa 1 0 1667972642
20375 Khushi 1 0 1668158517
20376 Dagas 5 0 1668230758
20377 Marrat 3 0 1668339430
20378 Flyyy 1 0 1668463818
20379 Kra 99 0 1737741156
20380 Wrenniford 0 0 1668812327
20381 Galed 1 0 1668873897
20382 Zentru 1 0 1669807405
20383 Labrat 19 0 1675457022
20384 Erja 1 0 1669884298
20385 Scorn 1 0 1670453450
20386 Darzog 1 0 1735458856
20387 Balanae 1 0 1670894102
20388 Elyda 1 0 1670970177
20389 Murt 1 0 1671008993
20390 Maruxus 5 0 1671084522
20391 Varryn 1 0 1671088755
20392 Bigllama 1 0 1671136978
20393 Dyrk 1 0 1671218519
20394 Flooval 20 0 1719021737
20395 Flin 1 0 1671774417
20396 Brovan 20 0 1672275822
20397 Cosmi 20 0 1672275829
20398 Mofla 21 0 1672568619
20399 Gooblet 1 0 1672128321
20400 Exash 6 0 1686333688
20401 Sombren 1 0 1672357181
20402 Arcterus 3 0 1672519418
20403 Bks 1 0 1672525114
20404 Alda 1 0 1686613043
20405 Hackwriter 99 0 1682537061
20406 Serignuad 2 0 1673501312
20407 Athual 1 0 1673147595
20408 Athmaur 70 0 1676836401
20409 Sdrab 14 0 1737059375
20410 Vyddin 1 0 1673308103
20411 Ghutter 1 0 1679261091
20412 Aruthmine 0 0 1673424011
20413 Brugont 1 0 1673504117
20414 Hellene 2 0 1673554853
20415 Hackmage 2 0 1673564708
20416 Garmyr 1 0 1673641678
20417 Xorath 99 0 1734925390
20418 Jinleen 11 0 1713644174
20419 Magmis 1 0 1673855322
20420 Jonajats 1 0 1674003913
20421 Skeeve 18 0 1683301273
20422 Kekoa 4 0 1674270129
20423 Emhp 1 0 1674092723
20424 Yash 10 0 1676257643
20425 Hykaro 5 0 1676861265
20426 Kekoap 1 0 1674353281
20427 Nassur 1 0 1674330091
20428 Enthilza 24 0 1693627624
20429 Ihuu 1 0 1674371149
20430 Lae 1 0 1674384112
20431 Huz 1 0 1674676293
20432 Bokonine 1 0 1674687679
20433 Jare 9 0 1675306630
20434 Greele 0 0 1674746431
20435 Fireson 26 0 1690748507
20436 Adien 4 0 1674894569
20437 Gorruk 1 0 1675010241
20438 Mynfqy 1 0 1675133474
20439 Fkksan 1 0 1675200449
20440 Deitric 1 0 1675379677
20441 Alkio 5 0 1675863038
20442 Prolox 3 0 1675696667
20443 Atendrias 1 0 1675619707
20444 Linera 58 0 1730950566
20445 Denolo 99 0 1681551225
20446 Timmers 1 0 1675990773
20447 Daxz 1 0 1676011120
20448 Rory 0 0 1676061067
20449 Tulos 1 0 1676092725
20450 Wukong 19 0 1690751309
20451 Krean 1 0 1676271122
20452 Suki 3 0 1676287712
20453 Mirai 3 0 1676287689
20454 Yhlva 1 0 1676391222
20455 Belnion 99 0 1737964258
20456 Balvek 5 0 1682469493
20457 Boof 6 0 1676698236
20458 Hyudin 59 0 1701402983
20459 Nella 1 0 1676840916
20460 Neyali 3 0 1729752343
20461 Prini 58 0 1698116748
20462 Lunia 5 0 1677026188
20463 Neyah 4 0 1677092592
20464 Nyloc 1 0 1677246121
20465 Aahz 35 0 1694125783
20466 Mordak 1 0 1677373801
20467 Cyrn 3 0 1677754925
20468 Baratus 1 0 1677821630
20469 Bodur 2 0 1677949081
20470 Mcthomas 0 0 1677948587
20471 Zenia 2 0 1681018498
20472 Ladri 57 0 1696712195
20473 Nehebkau 1 0 1678645219
20474 Waress 1 0 1678753000
20475 Dagnarille 5 0 1679224047
20476 Athela 1 0 1679115059
20477 Phocion 3 0 1679224050
20478 Xenthan 3 0 1679224053
20479 Anokpanda 1 0 1679314671
20480 Desandra 1 0 1679781192
20481 Cenolo 16 0 1680047686
20482 Garin 3 0 1679927406
20483 Renolo 99 0 1682462760
20484 Allyth 1 0 1680052000
20485 Oaver 57 0 1722543405
20486 Vashson 6 0 1682444448
20487 Rontapazu 1 0 1680748614
20488 Belman 5 0 1680994710
20489 Neurrone 1 0 1680971056
20490 Darii 1 0 1680977393
20491 Danilus 1 0 1681119514
20492 Makio 9 0 1697415186
20493 Aonu 1 0 1681188885
20494 Argus 1 0 1681628753
20495 Rubech 1 0 1681717861
20496 Marsin 6 0 1681796082
20497 Corphan 8 0 1691442037
20498 Kisidan 5 0 1681921458
20499 Tainer 0 0 1681925712
20500 Sixx 1 0 1682048905
20501 Xrc 1 0 1682105865
20502 Obro 1 0 1704491448
20503 Senolo 17 0 1683431210
20504 Ryku 2 0 1682625412
20505 Frage 18 0 1721928134
20506 Nalle 1 0 1683368187
20507 Boermac 1 0 1683331642
20508 Brandt 8 0 1683389219
20509 Kalravion 8 0 1703099098
20510 Torial 7 0 1683413926
20511 Senak 1 0 1703372398
20512 Necmoy 20 0 1689710663
20513 Tangdk 1 0 1683573288
20515 Valicious 5 0 1683634940
20516 Vallicious 3 0 1683603364
20517 Valiciousx 10 0 1683694782
20518 Jiw 94 0 1697476383
20519 Jaco 99 0 1722544052
20520 Jore 99 0 1722543590
20521 Valval 2 0 1683693794
20522 Valwar 3 0 1683695986
20523 Pliskin 1 0 1683740819
20524 Rathios 0 0 1683808971
20525 Westopher 1 0 1683939612
20526 Hewerald 3 0 1684612378
20527 Troid 1 0 1730505802
20528 Tennet 1 0 1684267848
20529 Azkarah 1 0 1684952771
20530 Isai 2 0 1685558010
20531 Indikon 2 0 1685667895
20532 Dulnur 1 0 1685720363
20533 Sevoreth 2 0 1685722494
20534 Inome 2 0 1686306436
20535 Zeppe 15 0 1689710663
20536 Drakhen 1 0 1686515455
20537 Xoralut 1 0 1686575078
20538 Susurro 1 0 1686681870
20539 Drazier 0 0 1686845419
20540 Mentoro 2 0 1686854167
20541 Sintas 7 0 1687382627
20542 Mirallison 23 0 1689179207
20543 Bram 1 0 1687275865
20544 Amadan 25 0 1689179207
20545 Droluk 1 0 1687434464
20546 Calin 25 0 1689179207
20547 Grohm 5 0 1692503621
20548 Neiron 1 0 1687730912
20549 Mella 14 0 1689100110
20550 Suldrek 2 0 1687969846
20551 Ascdren 2 0 1688000245
20552 Alissandra 99 0 1737976027
20553 Borre 2 0 1718919921
20554 Kella 25 0 1689179207
20555 Ingrid 1 0 1688136941
20556 Ryn 5 0 1688490469
20557 Toh 1 0 1688511155
20558 Kalwei 3 0 1688522469
20559 Valyr 1 0 1688603391
20560 Grawmm 3 0 1688789619
20561 Niran 2 0 1692503314
20562 Aigeadach 4 0 1689256574
20563 Fianta 5 0 1689256598
20564 Eadhar 4 0 1689256615
20565 Narin 5 0 1689047127
20566 Ilska 1 0 1688866037
20567 Rolaand 1 0 1689099524
20568 Lynis 1 0 1689119101
20569 Noogy 10 0 1689232094
20570 Woogy 38 0 1720601016
20571 Gragur 1 0 1689185636
20572 Yourmom 1 0 1689221460
20573 Poogy 1 0 1689233953
20574 Roogy 28 0 1720601012
20575 Zes 1 0 1689803443
20576 Xius 12 0 1691596189
20577 Tammmie 1 0 1690126406
20578 Dango 1 0 1690266597
20579 Arterix 2 0 1690524917
20580 Runicmajier 1 0 1690519668
20581 Zarru 1 0 1690754854
20582 Gyuma 7 0 1690946293
20583 Olek 1 0 1691000866
20584 Jalbur 1 0 1691040270
20585 Asd 1 0 1691091438
20586 Ryy 51 0 1712076745
20587 Oliath 2 0 1691359154
20588 Wyy 51 0 1712076793
20589 Durlenawk 50 0 1738974155
20590 Aewynawk 50 0 1739025457
20591 Almund 4 0 1691812796
20592 Jgcampbell 1 0 1691882841
20593 Terol 19 0 1710962412
20594 Scylia 18 0 1717726197
20595 Rooke 1 0 1692169393
20596 Zeco 1 0 1693066429
20597 Aaknad 1 0 1692823884
20598 Drentin 9 0 1726717727
20599 Grue 1 0 1693167863
20600 Zardo 3 0 1693087168
20601 Ghareth 0 0 1693145120
20602 Slothan 2 0 1693146693
20603 Garetho 3 0 1693152018
20604 Dingus 1 0 1693299169
20605 Serapheem 13 0 1695975930
20606 Lyy 13 0 1712076814
20607 Gambyson 4 0 1730013260
20608 Sidleo 1 0 1693749592
20609 Chapaquente 5 0 1734804433
20610 Arcanjo 5 0 1734802330
20611 Thorfinn 99 0 1698800091
20612 Jodiah 1 0 1693840115
20613 Yarel 12 0 1710961360
20614 Runen 2 0 1694709655
20615 Dwin 2 0 1693883191
20616 Phanstern 1 0 1694047569
20617 Toramorf 1 0 1694492036
20618 Sclitz 0 0 1694211139
20619 Schlitz 1 0 1694212175
20620 Jaren 9 0 1694628878
20621 Drocat 0 0 1694650613
20622 Drewcat 0 0 1694650732
20623 Serakim 12 0 1695977419
20624 Ulthar 99 0 1701640214
20625 Remula 1 0 1694863644
20626 Porath 99 0 1737341301
20627 Seitre 1 0 1695044188
20628 Pyy 11 0 1712076869
20629 Miva 1 0 1695328259
20630 Rulifus 1 0 1695861738
20631 Zray 13 0 1703260688
20632 Spiderweb 1 0 1695844904
20633 Snal 74 0 1722544350
20634 Mardox 29 0 1709519875
20635 Rithor 1 0 1696296885
20636 Frila 1 0 1709519478
20637 Orn 1 0 1709520204
20638 Brondo 1 0 1703221742
20639 Dokai 2 0 1697285948
20640 Krossun 1 0 1697337592
20641 Ossie 2 0 1697501437
20642 Ulric 2 0 1697501347
20643 Zallah 99 0 1708001829
20644 Jukarth 1 0 1709519880
20645 Alwan 99 0 1707934497
20646 Ekon 99 0 1723154825
20647 Teshi 99 0 1707870688
20648 Odr 13 0 1698801302
20649 Nerix 3 0 1697598745
20650 Crankish 5 0 1698888782
20651 Chogg 5 0 1698888778
20652 Simatai 5 0 1698888784
20653 Lykta 5 0 1698888786
20654 Abbil 58 0 1704579307
20655 Trax 1 0 1698049685
20656 Orrun 99 0 1737962705
20657 Nivec 1 0 1698391147
20658 Palamir 3 0 1698485118
20659 Lotuce 5 0 1698527117
20660 Moylen 58 0 1704579307
20661 Neek 1 0 1698624523
20662 Ysyllyra 6 0 1698737261
20663 Stil 58 0 1704579307
20664 Venjekar 2 0 1698783145
20665 Dani 1 0 1698906628
20666 Piym 1 0 1698984176
20667 Fixxy 58 0 1704579307
20668 Yoru 1 0 1699136080
20669 Lilysalt 5 0 1700017933
20670 Reemul 7 0 1700131423
20671 Czerwony 1 0 1699653894
20672 Pel 2 0 1699672027
20673 Anadir 1 0 1699700992
20674 Tiwenraj 1 0 1702757129
20675 Delita 3 0 1700714917
20676 Milber 0 0 1699832512
20677 Jadu 3 0 1699885602
20678 Lumeer 4 0 1699885598
20679 Alhara 3 0 1699924211
20680 Musa 3 0 1699885591
20681 Kang 3 0 1699885595
20682 Philo 5 0 1699890059
20683 Xanthos 10 0 1700001552
20684 Tokoth 2 0 1700012034
20685 Tlasha 1 0 1700026523
20686 Haborym 1 0 1700536789
20687 Slirkindurp 1 0 1700616645
20688 Kdorodk 1 0 1700658562
20690 Starcoder 1 0 1700667897
20691 Scattermax 1 0 1700667897
20692 Divinejustice 1 0 1700667897
20693 Slicendice 1 0 1700667897
20694 Viridiana 1 0 1700679765
20695 Durnalak 99 0 1737879158
20696 Talosha 2 0 1700716708
20697 Urog 99 0 1737879149
20698 Xalene 99 0 1737879149
20699 Xumecan 99 0 1737962936
20700 Virant 2 0 1701534348
20701 Dalthar 1 0 1700778849
20702 Andantalus 1 0 1700886727
20703 Ammara 10 0 1732504202
20704 Cammara 10 0 1732504197
20705 Laerk 1 0 1701371823
20706 Cuadl 2 0 1701482882
20707 Demonos 1 0 1702491044
20708 Wisper 13 0 1703294729
20709 Yersinia 4 0 1702737032
20710 Sadler 21 0 1737422244
20711 Mirazhe 1 0 1713970432
20712 Reldas 18 0 1735087741
20713 Ohr 3 0 1703387190
20714 Aanalar 1 0 1703387298
20715 Trifalias 4 0 1703391932
20716 Sxius 1 0 1703400119
20717 Shan 1 0 1703513298
20718 Lorath 99 0 1737341303
20719 Worath 99 0 1736093676
20720 Klenir 1 0 1703934157
20721 Renn 1 0 1704175909
20722 Durred 4 0 1706206066
20723 Brunst 1 0 1704852287
20724 Agmalthra 4 0 1706206207
20725 Boogy 38 0 1720601027
20726 Nitzer 1 0 1717245208
20727 Seevah 4 0 1705220002
20728 Lennox 1 0 1705272495
20729 Dekka 1 0 1705316340
20730 Weslyn 1 0 1705370793
20731 Mathias 1 0 1705944576
20732 Schil 1 0 1705997351
20733 Galkal 48 0 1716381907
20734 Freani 10 0 1706376826
20735 Kaop 15 0 1706742287
20736 Karoth 48 0 1716381911
20737 Poak 10 0 1706742290
20738 Cannadaigh 2 0 1706575356
20739 Elvara 1 0 1707090542
20740 Dilar 44 0 1716381907
20741 Wisyd 1 0 1707524599
20742 Sugu 4 0 1707704139
20743 Suraya 99 0 1737962813
20744 Melandru 99 0 1737962538
20745 Mocny 4 0 1726553563
20746 Galrath 2 0 1733981718
20747 Jranor 99 0 1733386250
20748 Thwipple 0 0 1707822022
20749 Lindir 1 0 1707899825
20750 Lindor 43 0 1716381907
20751 Casmir 5 0 1708106579
20752 Hemera 1 0 1708041655
20753 Finlas 45 0 1716381907
20754 Aadee 1 0 1708110325
20755 Vixxed 4 0 1708397030
20756 Derfy 3 0 1708644912
20757 Grek 2 0 1708912790
20758 Priapus 0 0 1709142168
20759 Finarra 1 0 1709167144
20760 Asana 2 0 1709246662
20761 Tyr 1 0 1709523698
20762 Stonas 1 0 1709762885
20763 Arjayla 0 0 1710485016
20764 Joj 1 0 1710531076
20765 Forman 2 0 1710691493
20766 Imaryll 1 0 1711834468
20767 Zaralin 1 0 1711920772
20768 Garamal 1 0 1711875535
20769 Haltover 1 0 1712131508
20770 Kaali 8 0 1714444823
20771 Badol 1 0 1713136763
20772 Rogkali 22 0 1722451157
20774 Jod 12 0 1716059472
20775 Liocroube 1 0 1717211037
20776 Alyzah 1 0 1714019228
20777 Ved 1 0 1714748498
20778 Kazzy 2 0 1714838353
20779 Grogrond 1 0 1714964386
20780 Grewip 6 0 1715926025
20781 Aczaethnaeth 1 0 1715243714
20782 Cofeek 1 0 1715288780
20783 Blod 6 0 1716064609
20784 Halrizin 1 0 1715328572
20785 Elcasey 0 0 1715543095
20786 Jodoc 1 0 1715648339
20787 Abanon 3 0 1715699241
20788 Alidar 0 0 1715726026
20789 Antraeus 0 0 1715804054
20790 Kanlaeel 1 0 1715995866
20791 Turdbucket 1 0 1716160015
20792 Jeric 1 0 1716500179
20793 Shimone 1 0 1717286043
20794 Zazou 1 0 1717476165
20795 Shuxue 1 0 1718030095
20796 Mehmuh 1 0 1718658288
20797 Brack 6 0 1719065098
20798 Subaro 1 0 1718710079
20799 Calimar 49 0 1724165717
20800 Zai 2 0 1719190512
20801 Liocenht 1 0 1726277761
20802 Rizzen 50 0 1724165753
20803 Romulak 47 0 1724702587
20804 Keapon 3 0 1736898473
20805 Yerzo 1 0 1719694362
20806 Cthugha 1 0 1719711729
20807 Seansean 1 0 1719868487
20808 Mortis 1 0 1720664413
20809 Kasmir 2 0 1720888457
20810 Aerelm 13 0 1722031178
20811 Meketrion 10 0 1721504605
20812 Hemelous 7 0 1721761498
20813 Thurtea 1 0 1721620747
20814 Jenns 1 0 1721689677
20815 Taiga 1 0 1721784983
20816 Erfire 3 0 1721793238
20817 Gwarn 4 0 1721825267
20818 Darowin 1 0 1721806424
20819 Cheburashka 1 0 1721923736
20820 Edvard 1 0 1722155387
20821 Althanis 1 0 1722633825
20822 Lukinator 1 0 1722781798
20823 Abbath 2 0 1722975817
20824 Jahenrad 2 0 1723144948
20825 Ovina 1 0 1723797974
20826 Kwaidan 12 0 1725933875
20827 Kitai 11 0 1724900726
20828 Arnus 1 0 1724875773
20829 Magdalemn 1 0 1725130098
20830 Magdalem 7 0 1725360209
20831 Junagoe 1 0 1725248183
20832 Kabraick 1 0 1725409009
20833 Fieryb 3 0 1725910190
20834 Lber 2 0 1725943818
20835 Exbedio 2 0 1725918309
20836 Veronique 1 0 1725955406
20837 Temtsl 1 0 1726011182
20838 Joella 1 0 1726702950
20839 Rahj 1 0 1726705954
20840 Shymaru 1 0 1726752348
20841 Simkin 1 0 1727410223
20842 Lambsy 1 0 1727582307
20843 Nisrathla 4 0 1727671722
20844 Drevan 1 0 1728187195
20845 Fenbenzal 1 0 1728757842
20846 Tarran 4 0 1729351974
20847 Zuriak 41 0 1733264366
20848 Derrgon 43 0 1733264368
20849 Fubsteril 1 0 1729626543
20850 Vesaria 40 0 1733264366
20851 Ledago 42 0 1733560779
20852 Rozro 2 0 1729753924
20853 Aruku 44 0 1733264366
20854 Ananaki 1 0 1729971306
20855 Thort 99 0 1738963147
20856 Popy 99 0 1738963085
20857 Kopman 1 0 1730301685
20858 Ellawyn 2 0 1730737074
20859 Hollem 2 0 1730846561
20860 Soltarus 5 0 1733061790
20861 Nimdalthiel 9 0 1733055940
20862 Orienne 4 0 1731554055
20863 Tuskony 3 0 1732166858
20864 Bruhskony 6 0 1731972841
20865 Raal 1 0 1731898740
20866 Flynt 99 0 1738963082
20867 Silur 4 0 1732747286
20868 Sakin 6 0 1732839315
20869 Khaalis 7 0 1732204965
20870 Krocrot 15 0 1733777442
20871 Kharandean 3 0 1732503547
20872 Nombers 1 0 1732563910
20873 Kanis 1 0 1732677185
20874 Kasin 6 0 1732839294
20875 Zorath 32 0 1737341306
20876 Iorath 35 0 1737341313
20877 Daedra 1 0 1732913433
20878 Incelia 1 0 1732984677
20879 Liw 23 0 1737432273
20880 Grintakh 8 0 1733683419
20881 Morrissey 1 0 1733125139
20882 Jogho 2 0 1733255240
20883 Hurith 6 0 1733409880
20884 Narrith 6 0 1733709226
20885 Elrath 8 0 1733709895
20886 Jasix 1 0 1733573566
20887 Elstarith 2 0 1733690102
20888 Cuthbert 15 0 1733887103
20889 Gargath 99 0 1737976072
20890 Zinyora 99 0 1737879149
20891 Tynder 99 0 1738963079
20892 Iwl 21 0 1737432300
20893 Derp 1 0 1734582641
20894 Itchibut 1 0 1735460381
20895 Meliodas 0 0 1735572185
20896 Zelthanu 1 0 1735629990
20897 Karn 1 0 1737335316
20898 Valys 1 0 1736116493
20899 Yog 20 0 1738033395
20900 Yirr 16 0 1737948825
20901 Hulo 17 0 1737852668
20902 Vellen 1 0 1736354699
20917 Deleteme 1 0 1737766889
20904 Peegu 41 0 1739006418
20905 Drj 0 0 1736937097
20906 Oneliph 12 0 1738338472
20907 Unoliph 48 0 1738500961
20908 Wysteria 32 0 1739091149
20909 Lathyrus 31 0 1739090789
20910 Rhodotheus 31 0 1739091149
20911 Knak 31 0 1739091029
20912 Taki 22 0 1737834999
20913 Yote 21 0 1737852668
20914 Beldawk 16 0 1737725122
20915 Mogi 3 0 1738377990
20916 Yoor 15 0 1737869877
20918 Jotun 2 0 1738874596
20919 Dlyesxia 1 0 1737931654
20920 Spex 2 0 1738859807
20921 Yasuo 2 0 1738383838
20922 Jotunite 9 0 1739083835
20923 Vintqu 11 0 1738979863
20924 Votakko 4 0 1738275076
20925 Deletemetwo 1 0 1738427471
20926 Deletemeone 1 0 1738427311
20927 Terawk 1 0 1738427475
20928 Berawk 1 0 1738580060
20929 Yyawk 1 0 1738434370
20930 Krolas 1 0 1738521723
20931 Uqtniv 11 0 1738893187
20932 Agrasen 1 0 1738654359
20933 Drakge 1 0 1738813748
20934 Dachande 1 0 1738814934
20935 Yixx 12 0 1738891203
20936 Bezawk 1 0 1738883134
20937 Orchist 4 0 1739043459
~
