16816 Aaaaaab 1 0 1196895035
15682 Abinadi 45 0 1324538910
13803 Acerite 100 e 1258742000
2777 Acryl 99 0 1329703171
16809 Aeas 1 0 1223390151
9390 Aebel 99 0 1329001259
16795 Aeden 1 0 1195555979
16385 Aegi 99 0 1180574397
15663 Aelphae 60 0 1254284507
13183 Aelvon 99 0 1245887370
15037 Aen 90 0 1249681376
16766 Aenaes 21 0 1199059365
16693 Aeto 2 0 1197781441
16435 Agashi 99 0 1193595131
11558 Agias 83 0 1301275666
14890 Agle 99 0 1206061008
15152 Ahaz 99 0 1305173764
15022 Ahgie 29 0 1242769270
16216 Ahlisse 99 0 1329711151
14442 Akiko 66 0 1325386536
16320 Aldarien 99 0 1328316639
15906 Altus 99 0 1214362640
16848 Amalgam 0 0 1200168686
16849 Amalgamish 0 0 1200171641
16725 Amator 2 0 1192010866
16697 Amblin 8 0 1236389442
14217 Amdi 88 0 1240337389
9369 Amlia 99 0 1278448521
15703 Anaberast 46 0 1236390138
16699 Anara 3 0 1190221936
15089 Andalla 99 0 1221149660
15040 Andar 53 0 1323541621
15473 Andron 47 0 1328207107
14173 Aneki 88 0 1329358429
13944 Anexis 99 0 1249680709
61 Ansul 99 0 1329895426
14581 Anulo 99 0 1326736325
5383 Anupta 99 e 1299910601
15737 Aradu 99 0 1213865213
15234 Aran 99 0 1328408714
16818 Araxus 19 0 1307555180
15671 Ardus 99 0 1240078067
2176 Areidryk 101 0 955934007
13916 Ari 99 0 1292633449
13744 Arigorn 70 0 1276300964
14332 Arius 90 0 1305174889
4939 Arkain 99 e 1279730462
15061 Arlian 102 e 1288395048
15679 Ashara 31 0 1324782971
14192 Ashii 99 0 1249680915
14220 Ashyer 99 e 1324543258
16822 Asmodia 1 0 1198446937
9944 Atax 99 0 1313966946
15745 Athest 99 0 1206061026
15744 Athil 36 0 1315925822
15081 Aurius 99 e 1224220048
16774 Auron 1 0 1194750042
14348 Auvcan 99 0 1292633035
15030 Avyx 99 e 1299915702
16675 Aymanta 1 0 1298938300
185 Azkrael 100 0 1040992682
16767 Bacchus 21 0 1199059215
15392 Baeth 39 0 1206061321
16807 Barab 1 0 1214165347
15957 Barron 56 0 1214527422
14740 Baver 90 0 1202876298
16717 Beel 1 0 1190766822
16710 Beidomon 1 0 1190590062
13958 Beltre 99 0 1309625668
16889 Bernerd 1 0 1204870297
16878 Betma 0 0 1202920066
12527 Binks 79 0 1193443104
13835 Birn 16 0 1315548766
16859 Blyre 1 0 1265944904
16535 Blyz 99 0 1307083876
16724 Boenes 1 0 1191721009
16759 Bolle 1 0 1194768486
16283 Bomnor 99 0 1325123907
4810 Borath 99 0 1322525539
14793 Bram 99 0 1195573877
16738 Brenin 0 0 1193353835
14588 Breoch 37 0 1248521597
15594 Brungius 99 0 1268187405
16381 Brunir 99 0 1329664100
7733 Bugegy 99 0 1329711151
16788 Buro 1 0 1329354133
16671 Burt 4 0 1188714147
6059 Bynok 99 e 1215837679
16141 Cachel 39 0 1236388638
6992 Caff 99 0 1324152390
6 Cafi 99 0 1286578943
15610 Caius 85 0 1206061073
16602 Cale 24 0 1220479598
16016 Caleuche 99 0 1328314500
16684 Caltavsk 2 0 1189610872
16688 Carim 16 0 1190844113
16702 Carmen 2 0 1190224370
16866 Carog 6 0 1236389458
14829 Carogen 51 0 1191942427
679 Carvo 99 0 1326295749
12183 Casus 99 0 1313690044
9687 Cavin 99 0 1298295999
16229 Cavoyar 37 0 1325123921
15154 Cayrn 99 e 1256706487
15878 Ceara 22 0 1265150782
15917 Ceinwen 99 0 1329664250
15694 Cerea 99 0 1313966825
13741 Cerim 99 0 1214328700
16829 Cerix 16 0 1217181877
5760 Cerp 99 0 1292633819
13521 Cerworn 99 0 1292632707
16863 Cevans 0 0 1201302662
11925 Childress 99 0 1329664025
14834 Choak 99 0 1328408632
11680 Chronis 95 0 1273183903
10755 Ciril 99 0 1249075340
15873 Clar 10 0 1250789127
16716 Clara 4 0 1190761715
10956 Corana 99 0 1314458700
13782 Coriantumr 99 0 1318224237
16646 Costy 3 0 1190062376
9663 Crastin 70 0 1286320729
16814 Creo 7 0 1197877631
16824 Crestlin 1 0 1198649231
15912 Cronax 104 0 1242172616
15248 Cuomo 33 0 1304273915
15888 Currrie 99 0 1329702011
14282 Cylor 99 0 1206061091
15104 Daed 99 0 1329895437
16101 Daedela 101 0 1284208568
16383 Daegara 99 0 1329664025
15414 Dakhod 100 e 1329190234
16701 Danzr 0 0 1190220871
15931 Darst 99 0 1325124042
16755 Dasdevania 4 0 1196583195
16880 Davion 1 0 1230390463
15927 Degaru 10 0 1236475889
16765 Delrob 3 0 1252745097
6551 Demolitum 102 0 1130560494
14196 Dena 99 0 1292634699
16841 Denmochk 0 0 1199822065
12895 Derfel 99 0 1187876316
10210 Dernin 99 0 1233766466
2867 Dikindu 99 0 1261809120
16495 Doal 18 0 1186296407
16787 Doda 1 0 1329354001
16275 Doki 99 0 1190491580
8901 Dolg 66 0 1308855027
11870 Doltis 46 0 1233593770
11378 Dominio 99 0 1329664025
12043 Dorath 93 0 1322525621
14071 Drabous 98 0 1312774099
14812 Drac 99 0 1206061167
15139 Draig 34 e 1301114553
16094 Drakael 70 0 1194432321
14035 Drakala 99 0 1292635797
15778 Dralen 99 0 1260406991
16756 Draneer 1 0 1194050908
10014 Drark 91 0 1325867943
4062 Drazlin 99 0 1312700657
16821 Dremur 1 0 1197691565
15820 Dreven 27 0 1242756138
6899 Drit 99 e 1326944265
16706 Drizik 6 0 1190707591
9632 Drolon 50 0 1185311926
7588 Dronar 99 0 1286320709
16694 Drood 98 0 1197438209
16733 Drulith 1 0 1192670496
15638 Drunjik 99 0 1312701533
5259 Druss 99 0 1229047292
14135 Drylin 99 0 1312773357
16726 Dryz 30 0 1205351174
15968 Dunar 99 0 1214527422
16707 Dunric 3 0 1191716945
16828 Dupever 13 0 1199073940
15686 Duron 80 e 1247802300
13935 Duryis 99 e 1244175857
15393 Duthac 39 0 1206061305
16778 Dvorhagen 1 0 1195042841
15451 Dyar 40 e 1301112479
13732 Dyren 99 0 1308342830
2199 Ecaplic 99 e 1229834448
16784 Effloresco 1 0 1215151725
409 Ehlissa 99 0 1329878909
15067 Eiremar 102 0 1163294789
15814 Elana 36 0 1290502239
3482 Elb 99 e 1229834076
15057 Elix 99 0 1192333715
16893 Elrode 5 0 1205158263
1075 Elron 99 0 1329772397
6101 Elwn 99 e 1229834133
16845 Enivri 1 0 1200076877
15332 Eone 99 e 1329770621
16374 Erith 45 0 1306275438
16820 Eriza 4 0 1265580114
5256 Ermenegildo 99 0 1329664025
16625 Eruu 25 0 1193088788
16070 Etriny 99 0 1324527820
15383 Etwel 99 0 1324514249
13380 Eukuzo 99 0 1187875692
15513 Evlok 99 0 1269301788
8897 Exti 99 e 1299911505
14476 Faegern 99 0 1329534428
15474 Fahl 95 0 1329164868
13892 Falon 99 0 1292635780
15131 Fasq 99 0 1328372213
14690 Fayris 99 0 1329531528
13038 Fel 78 0 1313690282
1076 Fela 99 0 1326562868
15856 Felessan 99 0 1292635695
16832 Fergus 1 0 1199292426
16329 Ferix 21 0 1314838456
15485 Ferry 99 0 1187050965
16739 Fidel 4 0 1193872423
14796 Figh 99 0 1329544955
33 Fingh 100 0 1123726858
13667 Firith 99 0 1245887314
16143 Flaite 99 0 1328316555
2996 Flam 99 0 1329705065
13986 Flike 99 e 1329885489
14997 Florn 99 0 1213865246
14699 Fohen 99 0 1329000892
15307 Foosha 94 0 1329164474
16819 Franker 1 0 1197628367
12568 Fredonia 99 0 1307019954
16786 Freya 1 0 1195145243
16796 Frobozz 1 0 1281155433
10548 Fundex 55 0 1198029750
15897 Furax 31 0 1214173555
15574 Gahnza 99 0 1267115626
15238 Gaidin 99 0 1328408568
15659 Galnos 77 0 1214100331
16262 Ganthiel 99 0 1317424704
7869 Garnx 99 0 1307506290
14856 Garon 50 0 1248483526
14279 Gaz 99 0 1292635767
15988 Geeter 99 0 1329524762
16587 Gerry 15 0 1186516461
14590 Ghoy 77 0 1242768975
16010 Giaccobe 99 0 1282221559
14924 Gidion 99 0 1329896785
11982 Gifalis 75 0 1205938817
16140 Giji 99 0 1322366028
16872 Gill 1 0 1202051933
15967 Gimby 58 0 1324417374
16704 Gizzrak 3 0 1190272789
16790 Glp 99 0 1326503215
16888 Gnock 2 0 1204870345
14273 Gogomar 50 0 1266527979
15855 Golanth 99 0 1292635722
16409 Gorath 60 0 1322525711
16502 Gorukai 99 0 1304030672
15408 Gothor 99 0 1192990534
8430 Graeme 99 0 1318862396
16150 Grayon 99 0 1269248075
15567 Grethius 99 0 1267657028
15580 Griev 40 e 1301112464
9606 Groendul 99 0 1313691695
16507 Gronar 99 0 1329664025
16804 Grruk 1 0 1196355460
16631 Grubbles 11 0 1236389387
15700 Grug 25 0 1155244985
16827 Grumbleweed 1 0 1198850644
13037 Grym 90 0 1294697165
16377 Grysi 99 0 1312718981
15635 Grytez 99 0 1267558822
16664 Guang 27 0 1195070016
14198 Gukrh 99 0 1187875844
1315 Gung 99 0 1329710324
16805 Gunter 1 0 1214165208
173 Gurlaek 104 0 1200966585
16763 Gweedo 22 0 1228204431
14576 Gyor 48 0 1242769265
16533 Gyy 78 0 1262046690
16721 Halocyon 1 0 1191142442
16815 Halver 5 0 1196831193
13707 Hamara 99 0 1189787380
16752 Hammie 0 0 1193943089
16682 Hartmann 6 0 1189710197
16680 Hartmut 7 0 1189710197
15541 Helam 99 0 1324545316
16854 Herix 38 0 1313766457
6068 Hethor 99 0 1215401092
16794 Hinn 99 0 1324510886
11588 Hiren 64 0 1308855005
390 Holk 84 0 1317091846
16885 Hot 1 0 1204680760
16892 Hothgar 5 0 1205529361
9004 Ickanc 65 e 1247801486
14365 Ija 99 0 1329715465
16865 Imbris 12 0 1205190489
14749 Iola 44 0 1187876542
12391 Izka 27 0 1301854750
16384 Jagvor 99 0 1316873172
16589 Jainia 39 0 1283211933
16851 Jaja 1 0 1203659870
16586 Jakkun 19 0 1195349793
14611 Jalor 99 0 1291101817
14290 Janara 99 0 1322286333
14 Jandar 99 0 1329771496
16608 Jandax 34 0 1193088880
14675 Janik 99 0 1322286600
16621 Jarion 11 0 1191098738
16597 Jarvin 43 0 1187051055
5405 Jasta 99 e 1299913205
16676 Jastor 19 0 1192507833
14612 Javos 42 0 1266634259
16231 Jaxx 99 0 1199654313
16840 Jazmen 0 0 1199821874
42 Jehara 102 0 1215745637
9251 Jelos 100 0 1315156709
13984 Jergaren 99 0 1187876486
7790 Jermi 99 0 1329494687
16727 Jeza 34 0 1205351172
5389 Jomark 99 e 1325867940
16408 Jopo 99 0 1180802522
14393 Joril 99 0 1295153970
15566 Juevet 99 0 1312768665
14679 Juilin 75 0 1237092833
15602 Jysten 99 0 1312774480
2379 Jyt 99 e 1229835095
8513 Kaan 99 0 1329758643
16555 Kabsimarb 58 0 1197067487
9564 Kaelix 99 0 1189087692
8283 Kaen 99 0 1329763675
16725 Kaethis 0 0 1191787123
156 Kai 99 0 1314659986
16588 Kaldor 13 0 1295760052
15698 Kalithas 30 0 1301112231
7014 Kampa 99 0 1316226603
7028 Kampo 99 0 1316226903
16831 Kaneohe 1 0 1199232814
15132 Kanit 50 e 1244140451
15351 Karah 90 e 1247805437
5349 Karde 99 e 1325879478
16202 Kardel 73 0 1324540535
7427 Karin 100 0 993749065
15334 Karion 99 e 1256706567
15140 Karon 99 0 1329768531
13442 Karye 99 0 1321298043
16705 Kattrella 1 0 1190309599
15241 Kau 30 e 1301112125
15453 Kaye 21 e 1244140407
12346 Kaylessa 99 0 1327549411
16734 Kayta 1 0 1192744873
9049 Kazen 103 0 1328766970
16768 Kedysh 1 0 1194456254
15777 Kehold 66 0 1314826081
3844 Kehr 89 0 1319048997
14331 Keldara 99 0 1326077548
16028 Kelric 43 0 1295732721
15603 Kendirs 90 e 1237500212
7967 Kendris 99 e 1299915125
14850 Kentar 99 0 1228007348
3691 Keoni 99 0 1326050276
9006 Keranc 99 e 1299911425
16639 Kerix 99 0 1313966794
13490 Keylessa 99 0 1309625769
16826 Kiara 1 0 1198787758
4412 Kien 102 0 1136084700
16554 Kilop 46 0 1328206309
16665 Kint 21 0 1192507830
14677 Kip 99 0 1307083853
16867 Kirill 1 0 1201522379
15683 Kishi 89 0 1236577135
3464 Kitra 99 e 1229834020
16803 Kitsune 1 0 1195861340
2469 Kobosh 66 0 1277772834
16896 Koga 1 0 1205162283
15696 Koine 44 e 1244140237
16695 Komatsu 11 0 1311108326
13588 Koriat 99 e 1245967347
7613 Korupta 99 e 1299915045
15524 Kourrya 103 e 1263596926
12473 Kozir 27 0 1301854754
16107 Kragar 99 0 1323702217
15832 Kranous 99 0 1216104041
15738 Kravax 99 0 1318349248
14280 Kraz 99 0 1313966761
15087 Kreedar 90 e 1256706279
5454 Kreedra 99 e 1256705834
10595 Kress 99 0 1318352928
9889 Kresselack 99 0 1328408522
3539 Krovax 99 0 1280305054
15590 Krytonius 99 0 1312773087
15900 Kur 99 0 1329874091
16656 Kurzik 99 0 1191176252
15336 Kylana 99 e 1222138108
16681 Kyrrin 7 0 1189710197
16720 Kyrsty 1 0 1191099038
11014 Kytia 99 0 1245972906
2905 Lacse 99 0 1329669598
15689 Lafi 60 e 1244140338
10019 Laich 100 0 1279863325
14481 Laisha 34 0 1320970169
12376 Landon 99 0 1313966810
307 Lani 99 0 1329759941
16855 Lao 3 0 1244957603
15673 Laochan 52 e 1309385444
16823 Laolao 15 0 1244660230
15527 Laoris 104 0 1329456743
16857 Laoz 1 0 1286376226
16723 Layla 1 0 1296931903
13259 Layloth 99 0 1313365228
16662 Laz 10 0 1329354398
7320 Leyse 99 0 1327712660
14575 Lismini 99 0 1292635066
16581 Lissa 11 0 1327031796
16773 Looyme 1 0 1194652181
16886 Lorindel 2 0 1204685765
16782 Lothe 1 0 1195100783
16945 Havnerschnitz 7 0 1210805154
14181 Lucius 99 0 1177896081
16877 Lukey 1 0 1202864460
16598 Lyssia 1 0 1200697257
16560 Lythewynne 38 0 1195312609
15833 Madox 96 0 1207327129
15861 Maeru 50 0 1292635668
16776 Mahurm 11 0 1229918799
16692 Mailyth 11 0 1250789177
11286 Maka 99 0 1233593731
2224 Maki 99 0 1326390200
15611 Malric 85 0 1206061060
7894 Mancell 99 0 1232509730
13492 Marai 99 0 1187876091
16812 Margulis 1 0 1196648086
13919 Marik 56 0 1329265914
10254 Maxus 99 0 1327549471
16772 Mbornema 21 0 1228204434
16801 Meado 3 0 1195785443
15706 Mecke 99 0 1328316609
16830 Medina 16 0 1200920473
438 Mediore 99 0 1241302827
5355 Medun 99 e 1325867949
16239 Meina 31 0 1325315093
15627 Melix 11 0 1275819510
2833 Mera 99 0 1329535795
13729 Meric 99 0 1216088288
16328 Merix 43 0 1314838336
16852 Merthor 2 0 1321509471
16847 Meso 10 0 1295576533
1 Metamorpho 105 0 1142615252
15583 Metz 15 e 1235271803
16168 Mevlok 99 0 1267578225
14011 Miasma 78 0 1329355030
16424 Mich 99 0 1190491560
13639 Mikala 99 0 1275956790
15813 Mila 57 0 1290502244
14803 Miranda 99 0 1196822397
13692 Mlyec 99 0 1315448056
16145 Moet 99 0 1325479034
15138 Mokina 34 e 1301113919
16698 Moloch 7 0 1236389416
16754 Moochie 6 0 1197317452
14886 Morbus 40 0 1240445760
16391 Mord 76 0 1313693183
16870 Morkleb 1 0 1201748183
13717 Morni 99 0 1275956786
16011 Mornir 99 0 1329666984
16842 Morrin 1 0 1199908263
15972 Morzan 41 0 1290502218
14680 Mosiah 99 0 1329714182
13469 Mouvar 99 0 1206061331
15841 Muertonis 99 0 1329664100
15936 Murcee 78 0 1216152736
16139 Mutj 99 0 1322356753
16557 Muuth 97 0 1329759021
16696 Myao 4 0 1190190014
16672 Nahjor 1 0 1188845200
16743 Nalfein 15 0 1298574455
14963 Narak 99 0 1329770762
1897 Nardok 104 0 1180208800
12793 Natael 35 0 1236406044
2634 Nathe 100 0 1152440501
13622 Nattook 99 0 1292632426
16240 Nauis 31 0 1325224142
15247 Nehor 74 0 1325657877
16583 Neknek 7 0 1236388938
13430 Nelmath 62 0 1313365249
2378 Nesix 99 e 1229834048
5571 Nevd 100 0 1327198478
16690 Nevoe 1 0 1196908524
12625 Nicolas 99 0 1220051934
16317 Niiebla 99 0 1268831285
12897 Nimue 99 0 1206999208
16714 Nina 3 0 1190759510
16729 Nircon 1 0 1192413376
16741 Nisroc 15 0 1298574379
7459 Nok 99 0 1216534494
10125 Norath 99 0 1322525631
13959 Norel 99 0 1328644406
16775 Nugg 2 0 1224735522
13730 Nuggz 99 0 1214328685
15862 Nuith 29 0 1236388971
9554 Nuitis 99 e 1275715921
15937 Nuk 99 0 1325481354
15533 Nulija 21 e 1248227274
12041 Nyoxia 71 0 1175873867
13962 Oakie 99 0 1329770804
4559 Ocul 100 0 971372312
16833 Odeen 1 0 1199524331
5541 Oderan 99 e 1215400841
11724 Oengus 100 0 1257986501
14824 Offa 99 0 1329714182
15805 Ogg 99 0 1313693561
15697 Okana 50 e 1244140456
9284 Ont 99 e 1229834148
16835 Oody 99 0 1327079008
14573 Orshel 99 0 1292635326
16708 Osmodon 15 0 1190840820
16740 Ost 1 0 1193565170
1963 Oxter 99 0 1329711151
16869 Paging 0 0 1201746593
13760 Pahoran 99 0 1327105912
7638 Pakotshior 99 e 1299911553
15018 Pakupta 99 e 1244174092
16382 Pal 99 0 1327184214
2708 Pali 99 0 1326141427
15969 Panamon 59 0 1173891131
14691 Panchi 99 0 1322455822
14276 Pasha 99 0 1167023217
4 Pastai 18 e 1329191247
17199 Pathraw 99 0 1312807804
16277 Paxx 99 0 1194817143
16638 Pecheur 63 0 1199654319
16713 Peco 3 0 1190759490
3350 Pergus 105 0 1199463458
13579 Peroido 99 0 1187876027
15848 Petang 99 0 1216152665
4092 Petch 99 0 1328325931
16160 Petree 99 0 1329020761
14414 Phyrix 99 e 1229834101
8622 Pio 100 0 1279854616
15690 Pire 21 e 1247805883
16843 Piro 6 0 1201748183
16689 Podunk 5 0 1329707921
16711 Poei 1 0 1190706604
13726 Pomab 99 0 1313966775
14478 Pont 99 0 1193588465
16603 Prite 13 0 1218240780
16895 Proct 1 0 1205157621
2424 Puka 99 0 1326141415
15579 Punata 29 e 1244140610
2888 Puzo 99 e 1226198113
678 Pyo 99 0 1321050571
16250 Pzam 24 0 1215898511
15660 Qills 55 0 1214345560
11447 Quillen 99 0 1233593697
16811 Radik 19 0 1201008601
15965 Raekoth 99 0 1329664475
4843 Ragar 99 0 1327674479
16817 Rahem 4 0 1211656565
9231 Rakkan 99 0 1278447837
13967 Ralath 100 0 1322008452
16883 Randal 5 0 1204008477
14996 Ranted 99 0 1214362928
8721 Rasth 99 0 1320864466
16376 Ravlyn 25 0 1267167627
16673 Ravor 1 0 1188846311
16799 Rayem 7 0 1212844836
15810 Recim 99 0 1214468237
16871 Redeye 21 0 1206239616
16876 Redleg 1 0 1202684155
16873 Rednose 1 0 1202684073
15344 Rein 20 e 1244140154
16569 Reipen 17 0 1186649855
9138 Rekkan 99 0 1278448110
11806 Rhyis 99 0 1273184291
10562 Rica 99 e 1245974426
13659 Rils 99 0 1275956352
15754 Riniko 25 e 1247804403
704 Riqus 99 0 1307556746
15727 Rislt 99 0 1240446360
14863 Rizzlette 99 0 1171509978
16879 Rockeye 24 0 1230263081
16286 Ronuc 99 0 1325124063
16524 Rorim 24 0 1191548367
16663 Royopaene 11 0 1242880688
15559 Rraak 99 0 1329762850
9422 Rubra 99 0 1329764157
15994 Rufianus 99 0 1307674298
15581 Ruhe 19 e 1235261809
16887 Rukn 2 0 1204728315
16531 Ry 87 0 1261599991
16309 Rydack 101 0 1236215850
15246 Rylai 98 0 1325623451
16703 Ryu 7 0 1190622052
15576 Sadaku 99 0 1224220179
10728 Safera 99 0 1245971127
16434 Sagagi 99 0 1181923203
9739 Saka 99 e 1225596581
8731 Samun 99 0 1308854972
16685 Sangre 4 0 1200756147
7193 Sarik 99 e 1248589732
60 Sata 99 0 1329895450
16736 Satsujin 1 0 1193081485
12875 Scorn 99 0 1246552792
12691 Scy 99 0 1276331933
15675 Secht 70 0 1236389015
16319 Secolo 99 0 1194811167
15358 Seishirou 18 0 1187776406
16238 Seki 99 0 1180559969
13102 Selandria 99 0 1313365215
14570 Selyn 99 0 1292635632
2851 Seraphix 99 0 1277774129
16017 Sermak 61 0 1214164144
4922 Severn 99 0 1167242452
14029 Shanta 99 0 1312774605
14498 Sheara 99 0 1292634449
16746 Shelin 35 0 1214980704
10066 Shikata 99 0 1328809067
13941 Shimono 99 0 1292634008
15348 Shisei 21 e 1244597361
16683 Shiv 1 0 1189473599
13800 Shorana 99 0 1306251797
16891 Shorn 1 0 1240685737
10473 Siegan 99 0 1189087847
15918 Sifas 99 0 1214196187
15985 Signeus 99 0 1314445047
15950 Sisenna 99 0 1236476162
15190 Sitiun 30 e 1301112197
9429 Skatch 99 0 1325694623
8269 Skeen 99 0 1329001563
16433 Slo 99 0 1329874123
16789 Slrp 1 0 1329354011
14965 Snobol 101 0 1278637388
11576 Sogias 99 0 1301276533
9228 Sora 99 0 1298296036
13822 Soran 99 0 1318379209
8795 Sorek 99 0 1294785894
15755 Sorio 6 0 1203335412
16481 Sork 99 0 1325124177
16712 Sorkhaz 2 0 1190740000
16599 Sot 18 0 1329874069
14891 Sozat 99 0 1206061149
12796 Staen 99 0 1217290917
13329 Stelson 99 0 1313365238
15806 Stenenvust 60 0 1236389130
13079 Sto 18 0 1257891552
16521 Storim 24 0 1192052675
8497 Sulla 99 0 1313693654
14964 Suraki 99 e 1329772343
6091 Syge 99 0 1307506217
5730 Synger 99 0 1318890595
15398 Syri 91 0 1320688448
15270 Syrus 99 0 1308705834
3069 Tanle 103 0 1313374693
14619 Tarania 98 0 1171063487
16601 Tarion 15 0 1191098738
16758 Tarlin 1 0 1194056698
14710 Tarmon 95 0 1237092821
5406 Tarnilor 99 e 1248594478
15532 Taron 21 e 1248227274
16582 Tarrk 53 0 1325124095
7858 Tashir 99 0 1301484061
16632 Tatsy 11 0 1236389361
13525 Tavsan 99 0 1325327207
17298 Gilgal 99 0 1329710000
792 Tegam 99 0 1321050597
15069 Temell 21 e 1244139938
10681 Tempz 1 0 1033432969
15803 Tencor 52 0 1192748077
14739 Tensel 75 0 1240445426
15064 Teomner 99 0 1329895810
16731 Terron 4 0 1192674618
16764 Tescha 1 0 1194281300
15328 Thal 40 e 1301112846
16678 Thalias 7 0 1189710194
12945 Thalone 37 0 1328151075
15722 Thar 99 0 1311641748
15846 Thera 99 0 1310960888
16808 Theravia 2 0 1196580492
16600 Therik 99 0 1327548892
16856 Thindurel 10 0 1201032014
16415 Thora 99 0 1328316627
15229 Thunlud 31 0 1328151076
16031 Thyne 50 0 1236389157
16797 Tirkeylurkey 1 0 1195751881
5050 Tist 99 0 1167242557
11984 Tium 77 0 1328806827
16760 Tlan 15 0 1313802995
16595 Tofer 62 0 1199212757
16425 Tog 99 0 1313696116
13781 Togen 62 0 1205024615
16292 Tolva 10 0 1310958655
15404 Tomun 99 0 1222971257
16596 Topher 60 0 1199651849
16793 Torgak 99 0 1329772372
6041 Torin 99 0 1329664250
16779 Torkry 15 0 1208549972
14203 Torowa 99 0 1292634003
15854 Torrokh 20 0 1236389190
7669 Tosoh 99 0 1312912834
16454 Tossie 14 0 1236389215
195 Tracon 99 0 1267935801
15071 Traff 99 0 1329714182
16321 Traif 15 0 1187628591
5913 Trake 99 0 1167242643
16718 Trant 5 0 1190840820
15997 Trauco 99 0 1311108207
16149 Trayon 99 0 1312773473
16792 Trekari 0 0 1195213052
16894 Trelin 1 0 1205040081
15526 Trewous 99 0 1312773437
15966 Tristania 23 0 1282596867
15701 Trok 99 0 1236389254
16156 Trythius 99 0 1267726704
14672 Tryx 99 0 1307488621
14277 Tsan 99 e 1229833988
15538 Tsed 99 0 1293071088
16677 Tsunim 1 0 1189455085
16777 Ttt 2 0 1195067426
16155 Tugrok 99 0 1328665621
16753 Tukoga 8 0 1211557670
16748 Tukouga 1 0 1259992475
14040 Tulok 99 0 1312774347
13691 Tyn 99 0 1307338113
16339 Tyrth 23 0 1194840404
16834 Uchaaz 99 0 1326683142
7232 Ulex 99 0 1300416603
16838 Ulth 6 0 1227369549
14546 Valandil 52 e 1245972796
15935 Valarien 99 0 1314109054
16590 Valithel 21 0 1274385051
16574 Valom 69 0 1197068087
15395 Valoren 4 0 1315925701
13458 Vanela 99 0 1245974033
15031 Vangar 99 e 1326944265
15201 Vasque 19 0 1315925853
15624 Velena 99 0 1309625755
16798 Velinarr 1 0 1195757961
8068 Velox 99 0 1216772337
6676 Vengrazz 100 e 1324758230
13945 Veronique 99 0 1237425660
14833 Vertor 99 0 1324773621
14822 Veruk 99 0 1328996044
14843 Vesem 99 0 1325624923
16264 Vesta 99 0 1311641493
15093 Visch 40 0 1301112817
15623 Vistk 63 0 1295913456
14170 Vitkus 99 0 1329531060
14542 Voltel 99 0 1292634266
16884 Vortima 0 0 1204502965
15951 Voruulr 99 0 1329664025
16114 Voz 29 0 1237658487
11722 Vuitton 99 0 1329666993
15020 Wakupta 99 e 1246724965
439 Waric 99 0 1241302458
15993 Wavum 99 0 1329665880
3527 Wehr 99 e 1318608749
16737 Wevend 1 0 1193326477
16687 Wimpee 11 0 1329354080
16785 Woedin 5 0 1195146808
16745 Worles 34 0 1216088296
15523 Wryvlok 99 0 1268187384
16534 Wryz 99 0 1307083340
16722 Wynne 1 0 1191214582
16744 Xanidus 1 0 1193660717
16882 Xanril 21 0 1230262885
14629 Xantex 99 0 1206061177
16810 Xarius 11 0 1200454317
14608 Xaya 91 0 1193588493
16813 Xedem 81 0 1325124019
9277 Xern 99 0 1207347322
16868 Xerv 2 0 1204078831
14383 Xev 80 0 1189787386
13731 Xin 99 0 1307082932
16604 Xinu 18 0 1236479731
1793 Xirgha 100 0 1226197163
14162 Xod 99 0 1208572043
2377 Xxur 99 0 1216516015
15829 Xyet 18 0 1204059021
11710 Xyrne 99 0 1301266417
9307 Xyu 99 0 1254423178
16780 Yadila 7 0 1325818972
15811 Yago 99 0 1313697411
7615 Yahron 99 0 1218911184
13306 Yasuhiro 99 0 1329664250
15029 Yath 99 e 1236389319
6623 Yiko 99 0 1307506131
16700 Yornh 1 0 1190205209
16719 Yum 99 0 1329689148
4809 Zagur 99 0 1292633275
14018 Zakarn 99 e 1288410369
15584 Zalic 99 e 1288410325
16860 Zanek 4 0 1326588760
10215 Zanoc 99 e 1288410297
13975 Zanther 99 e 1288410023
3 Zantir 104 0 1284002236
16730 Zaroah 20 0 1235391693
15860 Zathspar 62 0 1292635740
14738 Zaver 99 0 1328409157
15222 Zeg 99 e 1288409939
5058 Zegna 99 0 1329664250
15578 Zekish 99 e 1288409920
16853 Zelum 99 0 1326494948
5854 Zenitul 99 e 1289619013
9428 Zeran 99 e 1288409339
9609 Zercaren 99 e 1288585866
11084 Zeric 99 e 1288406928
5794 Zerith 99 e 1288401666
13294 Zertor 99 e 1288401620
15079 Zeteram 99 e 1222971252
9905 Zeth 99 e 1288401509
653 Zia 99 0 1307082841
15225 Zigra 99 e 1288408154
14572 Zimeret 99 0 1292635162
13419 Zire 99 e 1288401408
14107 Zirken 99 e 1288401158
14163 Zlorin 99 e 1288401176
16709 Zoey 1 0 1190546330
15226 Zog 99 e 1288401184
15228 Zogelt 25 e 1288398791
16270 Zoiks 20 0 1215898466
16234 Zoram 50 0 1202876605
15221 Zoreg 70 e 1288395405
16674 Zot 1 0 1188850210
10560 Zousa 99 e 1277755714
15418 Zurgh 99 e 1288398804
14019 Zutar 99 e 1288407599
13355 Zyce 99 e 1288399033
13979 Zyder 99 e 1288401004
11314 Zynch 99 e 1288399738
14020 Zyten 99 e 1288407545
16769 Zzig 99 0 1325123981
2 Zzur 105 0 1329771539
16897 Kamdar 1 0 1205359085
16898 Guthix 9 0 1207372865
16899 Stanislav 10 0 1207354756
16900 Varina 10 0 1207354754
16901 Nosila 0 0 1205704130
16902 Nerdchan 1 0 1205754917
16903 Sark 3 0 1205776469
16904 Daya 2 0 1206125755
16905 Lailie 99 0 1311918135
16906 Xes 2 0 1206493672
16907 Jackruby 1 0 1206595535
16908 Talik 1 0 1206594201
16909 Belkiner 1 0 1207169428
16910 Xyo 3 0 1207347315
16911 Keola 10 0 1212833580
16912 Hekyl 99 0 1329876449
16913 Jekyl 99 0 1328755736
16914 Ismal 2 0 1207682100
16915 Erandus 1 0 1257798248
16916 Fenwald 13 0 1273988623
16917 Saburac 10 0 1208301960
16918 Porl 5 0 1208145802
16919 Rastil 1 0 1208125036
16920 Molis 4 0 1241489449
16921 Croath 1 0 1208642883
16922 Xited 4 0 1208714525
16923 Vanalcylo 1 0 1208582459
16924 Rhiael 1 0 1208898666
16925 Lorcan 1 0 1209261149
16926 Maegwen 4 0 1209337086
16927 Intef 1 0 1209392063
16928 Akashat 5 0 1218411768
16929 Thansal 6 0 1211742278
16930 Mericon 99 0 1322802715
16931 Dagross 99 0 1316996287
16932 Faus 99 0 1329355004
16933 Kiram 99 0 1329360760
16934 Muadib 1 0 1209880109
16935 Mago 28 0 1220290067
16936 Farrol 28 0 1219205582
16937 Snaga 27 0 1210912202
16938 Wasicu 26 0 1210912199
16939 Rekinbal 1 0 1210534464
16940 Angon 65 0 1237307730
16941 Harwick 21 0 1222565119
16942 Shambage 1 0 1210737149
16943 Ardi 73 0 1249680928
16944 Aldur 9 0 1211047614
16946 Engrath 1 0 1210804907
16947 Takati 10 0 1211086993
16948 Toki 9 0 1210984105
16949 Salazar 8 0 1210981512
16950 Xianga 1 0 1303175642
16951 Celestax 1 0 1210948381
16952 Xanda 1 0 1210963875
16953 Creatin 4 0 1210981567
16954 Atagi 74 0 1249680873
16955 Dwual 99 0 1269249832
16956 Altec 33 0 1321153271
16957 Salazaar 10 0 1329352977
16958 Krizzik 93 0 1329354551
16959 Grazle 16 0 1214500252
16960 Averak 1 0 1211116140
16961 Aferk 80 0 1240337432
16962 Torio 15 0 1287500954
16963 Kinthar 1 0 1212026421
16964 Attri 30 0 1273463568
16965 Pillin 0 0 1211622418
16966 Doctor 3 0 1211872296
16967 Rosy 2 0 1211870086
16968 Frek 1 0 1211872298
16969 Finx 1 0 1212029133
16970 Fraylyn 1 0 1212071486
16971 Trynble 99 0 1268624699
16972 Jhueda 99 0 1268616099
16973 Cannadentist 1 0 1212338626
16974 Slein 1 0 1212619665
16975 Kalliah 9 0 1214809460
16976 Lanzo 5 0 1303175795
16977 Fralyn 1 0 1213024161
16978 Hrytius 1 0 1213027613
16979 Rhazah 1 0 1213333910
16980 Elaxia 6 0 1213459916
16981 Kell 2 0 1266612796
16982 Alexxi 7 0 1267558181
16983 Gantoris 8 0 1267558177
16984 Mekare 1 0 1213498838
16985 Oryon 8 0 1217701505
16986 Therblig 4 0 1260986755
16987 Xent 37 0 1222829067
16988 Slayt 38 0 1222829062
16989 Drakomir 4 0 1214761799
16990 Jaedon 1 0 1214761803
16991 Hoshi 1 0 1214761430
16992 Qwaszx 0 0 1214775185
16993 Qwas 0 0 1214776692
16994 Qazx 0 0 1214776758
16995 Qwsa 1 0 1214779496
16996 Coyo 99 0 1329701823
16997 Kills 1 0 1214849781
16998 Rysk 1 0 1215141942
16999 Keegan 4 0 1215234618
17000 Mayleth 4 0 1215238345
17001 Kel 13 0 1218846386
17002 Kelvyn 13 0 1229541767
17003 Zench 15 e 1288409380
17004 Zep 25 e 1288409359
17005 Zanthor 99 0 1216534455
17006 Xanthor 99 0 1216516093
17007 Xanin 99 0 1215836188
17008 Zarvey 1 e 1288409947
17009 Cryonok 99 0 1216516616
17010 Trinok 99 0 1215836146
17011 Zynok 99 0 1216516204
17012 Xanalor 1 0 1215399484
17013 Xellulos 99 0 1216516101
17014 Beredan 12 0 1218591930
17015 Coryellkelsey 1 0 1215485390
17016 Koil 6 0 1329269118
17017 Razzari 1 0 1217318890
17018 Smrt 99 0 1310815251
17019 Naifa 44 0 1236389914
17020 Naithla 12 0 1236389955
17021 Nokki 26 0 1236390086
17022 Maladamas 16 0 1236389792
17023 Blargy 1 0 1215911623
17024 Pyrak 99 0 1329764724
17025 Daemonicus 1 0 1217306976
17026 Melfor 1 0 1216269868
17027 Aleksandar 1 0 1216315439
17028 Igamu 1 0 1216456127
17029 Belvyn 22 0 1249339574
17030 Feln 29 0 1329529952
17031 Menden 6 0 1226866181
17032 Bojana 95 0 1329663950
17033 Koss 4 0 1259307344
17034 Froda 1 0 1217386226
17035 Lapanthrope 1 0 1217402087
17036 Amelia 6 0 1224406112
17037 Morrigan 6 0 1217828020
17038 Ilias 1 0 1233872366
17039 Takoda 5 0 1230145592
17040 Svenup 1 0 1217775645
17041 Wesley 4 0 1218148946
17042 Atorade 4 0 1217877792
17043 Wulfgar 4 0 1218749960
17044 Waleric 4 0 1218149174
17045 Ciel 4 0 1218750108
17046 Roth 17 0 1220527787
17047 Cada 24 0 1220120979
17048 Aurich 1 0 1218031940
17049 Venath 102 0 1327561214
17050 Walata 1 0 1218589673
17051 Freightning 1 0 1218770786
17052 Whible 16 0 1239171540
17053 Nienna 1 0 1218956274
17054 Aoibhe 1 0 1218988250
17055 Dakkie 14 0 1218999536
17056 Newbt 1 0 1219000177
17057 Ponnet 1 0 1219443191
17058 Randor 1 0 1219092432
17059 Solanova 39 0 1259298413
17060 Nauzhror 1 0 1235494867
17061 Shuee 9 0 1234888978
17062 Fortesque 2 0 1219370676
17063 Fahad 22 0 1306251843
17064 Lincur 8 0 1228244014
17065 Rivadar 1 0 1220358811
17066 Nephalix 3 0 1221318688
17067 Kyrana 3 0 1219801469
17068 Coth 19 0 1221341174
17069 Crite 18 0 1221769962
17070 Acker 4 0 1220039363
17071 Eath 4 0 1220039367
17072 Cial 4 0 1220041601
17073 Shinku 4 0 1220218995
17074 Durkad 12 0 1245173747
17075 Calb 15 0 1221832649
17076 Crat 14 0 1221832199
17078 Mowse 1 0 1220418474
17079 Doughboi 1 0 1220418488
17080 Brandi 1 0 1220457167
17081 Imavedt 1 0 1220759420
17082 Luzr 50 0 1220759968
17083 Strost 10 0 1273526408
17084 Thralkin 1 0 1221094905
17085 Numen 1 0 1221351699
17086 Gako 1 0 1221352512
17087 Pajr 39 0 1225478866
17088 Calan 14 0 1222920228
17089 Rorshach 27 0 1273463572
17090 Syral 1 0 1290502303
17091 Luven 4 0 1221859724
17092 Dimentio 99 0 1324765751
17093 Gyde 99 0 1324871509
17094 Naocl 99 0 1329889594
17095 Fufy 1 0 1222031729
17096 Noogins 45 0 1266368199
17100 Ungenaire 1 0 1222045610
17098 Fuffy 82 0 1267085061
17102 Gennaire 20 0 1325224117
17101 Gizelle 20 0 1325227049
17103 Abraxius 25 0 1259298348
17104 Shael 1 0 1222384609
17105 Boogir 1 0 1222458193
17106 Beograd 13 0 1223246386
17107 Grimlon 99 0 1315476220
17108 Mhyla 23 0 1237612414
17109 Delm 23 0 1237612436
17110 Bonagin 23 0 1307860177
17111 Darandor 10 0 1224729877
17112 Ent 2 0 1223189254
17113 Glogdock 1 0 1292181510
17114 Tapian 6 0 1227236635
17115 Spar 1 0 1223456558
17116 Zhor 1 0 1223726296
17117 Tinx 16 0 1326768296
17118 Brindlor 1 0 1223933542
17119 Nodem 99 0 1325358424
17120 Najr 34 0 1225896554
17121 Rodnarad 2 0 1224729889
17122 Qalex 27 0 1226802898
17123 Soltar 26 0 1226802901
17124 Taki 1 0 1225081074
17125 Ballzax 9 0 1226612396
17126 Kakapepepopo 2 0 1226616236
17127 Nevoc 9 0 1225841933
17128 Dralk 5 0 1225843322
17129 Hrothgar 1 0 1225750826
17130 Hrothgra 5 0 1226309162
17131 Swaz 20 0 1268604921
17132 Swiz 29 0 1268604935
17133 Mynameisjoe 1 0 1225859242
17134 Barfobama 19 0 1226287227
17135 Wootanic 1 0 1225871002
17136 Nataleh 2 0 1225886593
17137 Malthus 4 0 1225923829
17138 Sofiafia 1 0 1225919927
17139 Teal 1 0 1225922814
17140 Wari 1 0 1226028996
17141 Voxmus 2 0 1226311142
17142 Validitor 1 0 1226459587
17143 Tygen 1 0 1226525158
17144 Bb 1 0 1226549219
17145 Lolindir 1 0 1226548211
17146 Nuto 90 0 1319936504
17147 Skyme 1 0 1226720754
17148 Skyte 1 0 1226720858
17149 Arax 2 0 1226789886
17150 Anberu 7 0 1269559549
17151 Denuk 48 0 1325124133
17152 Jueltr 1 0 1231706401
17153 Oto 5 0 1228023111
17154 Potius 1 0 1228078196
17155 Gyen 99 0 1304815420
17156 Forf 1 0 1228331402
17157 Sheuehe 1 0 1228496002
17158 Homey 1 0 1228495352
17160 Feirumud 2 0 1228531859
17161 Silan 10 0 1273150421
17162 Zirco 1 0 1228554792
17163 Moltac 74 0 1327513242
17164 Hanzar 20 0 1322412910
17165 Bgirl 21 0 1243471406
17166 Knellios 3 0 1228808861
17167 Deyn 3 0 1228811720
17168 Deimos 2 0 1228811712
17169 Arreeleo 3 0 1229203589
17170 Durfin 1 0 1229286276
17171 Haha 1 0 1229612486
17172 Zaldor 11 0 1295529855
17173 Caldor 12 0 1295529726
17174 Rienz 23 0 1247278316
17175 Silban 6 0 1229732402
17176 Ashhok 14 0 1231584058
17177 Swoz 13 0 1268605044
17178 Swuz 99 0 1269251351
17179 Swez 80 0 1313064843
17180 Liqm 2 0 1229835085
17181 Roshack 10 0 1231584358
17182 Dwaz 33 0 1268604951
17183 Daffy 1 0 1279236542
17184 Tintor 12 0 1236713425
17185 Xyian 4 0 1253990650
17186 Xyius 2 0 1253990383
17187 Xeril 4 0 1230045871
17188 Mancel 46 0 1232509730
17189 Sherpa 2 0 1230544048
17190 Dwiz 99 0 1267726327
17191 Swink 99 0 1267115801
17192 Swinky 99 0 1267115821
17193 Belric 6 0 1230917782
17194 Ceron 99 0 1309626490
17195 Nimlok 99 0 1268700758
17196 Dryt 1 0 1231042704
17197 Grobbolar 1 0 1231104877
17200 Lindros 1 0 1268633491
17201 Borat 1 0 1231260228
17202 Jessieee 1 0 1240847283
17203 Zira 8 0 1232338145
17204 Gorog 2 0 1231367678
17205 Zigana 1 0 1231367466
17206 Mashanu 6 0 1231388190
17207 Yrthrae 1 0 1231373274
17208 Rwd 0 0 1231432452
17209 Shabam 2 0 1237305181
17210 Kashra 1 0 1231573922
17211 Heiress 18 0 1278876101
17212 Aszran 4 0 1292451987
17213 Hairless 1 0 1231736359
17214 Yakki 4 0 1232618372
17215 Ganda 8 0 1232618243
17216 Drimlok 99 0 1312760560
17217 Elenduriel 1 0 1231905401
17218 Senetue 1 0 1231977923
17219 Gwendolijn 2 0 1231997185
17220 Barny 1 0 1232174263
17221 Barnee 4 0 1232176026
17222 Koshi 24 e 1247782927
17223 Anya 1 0 1232242003
17224 Zoric 23 0 1240847597
17225 Deputydawg 1 0 1232939200
17226 Zyn 12 0 1285027184
17227 Augeydoggy 1 0 1232939195
17228 Huckleberryhound 1 0 1232596527
17229 Deputydog 1 0 1233298012
17230 Dorc 3 0 1232810663
17231 Xanthar 1 0 1314703527
17232 Lupercus 4 0 1307500056
17233 Vix 15 0 1329352344
17234 Boggydoggy 1 0 1232939308
17235 Gelidus 41 0 1322363442
17236 Bribon 34 0 1322363433
17237 Eiros 1 0 1233307113
17238 Gerby 23 0 1240846755
17239 Hoohoo 1 0 1233593423
17240 Harrison 1 0 1233852418
17241 Lisor 50 0 1320338657
17242 Razen 44 0 1320338771
17243 Razon 26 0 1320338811
17244 Wairai 41 0 1310337937
17245 Bychan 1 0 1234014614
17246 Jirohm 12 0 1320693291
17247 Sebel 4 0 1233887204
17248 Selean 35 0 1321153294
17249 Herygh 12 0 1258895660
17250 Cyn 33 0 1295056007
17251 Czyn 29 0 1326941158
17252 Jistyn 14 0 1320693287
17253 Mordas 1 0 1234225844
17254 Agrivaine 1 0 1234237856
17255 Neemick 1 0 1234304596
17256 Kraaol 99 0 1312773413
17257 Vakgar 99 0 1312702280
17258 Tira 4 0 1236278627
17259 Jania 0 0 1234580197
17260 Xxoric 70 0 1243686640
17261 Karinthalas 1 0 1235165067
17262 Nuji 99 0 1269249669
17263 Medon 99 0 1324851501
17264 Bleck 99 0 1324790559
17265 Murgol 40 0 1268831513
17266 Kahan 3 0 1235632347
17267 Eenie 20 0 1322619321
17268 Meenie 3 0 1242781886
17269 Seran 36 0 1296480102
17270 Purchase 3 0 1235712501
17271 Meinnie 22 0 1260069544
17272 Mohhe 22 0 1324711502
17273 Jaiso 7 0 1235713090
17274 Konja 50 0 1235759060
17275 Zanyk 1 0 1244147031
17276 Nocer 18 0 1329603350
17277 Mifaly 19 0 1329603350
17278 Halehr 10 0 1240632465
17279 Morianton 2 0 1236572837
17280 Aklew 99 0 1268977333
17281 Izanus 99 0 1268977298
17282 Meeney 99 0 1329525883
17283 Meennie 21 0 1236833358
17284 Ispar 5 0 1244145970
17285 Khuzdul 18 0 1267116267
17286 Kilut 99 0 1312774145
17287 Tstark 21 0 1272485158
17288 Vilval 4 0 1236445156
17289 Eochaidh 3 0 1236906151
17291 Soolerus 6 0 1236454490
17292 Blixx 1 0 1236458265
17293 Tainew 21 0 1270099115
17294 Meha 5 0 1238619727
17295 Nerl 39 0 1329603350
17296 Nawk 99 0 1329714182
17297 Dimmy 99 0 1314505932
17299 Frumly 31 0 1329529986
17300 Slurd 1 0 1236736975
17301 Olodin 99 0 1269405486
17302 Dufus 40 0 1329354241
17303 Sulis 8 0 1277244356
17304 Wahoozits 1 0 1236855335
17305 Lundi 9 0 1238624440
17306 Siah 99 0 1315162227
17307 Gerb 6 0 1237410858
17308 Adhe 2 0 1236906148
17309 Dato 4 0 1237011937
17310 Loky 3 0 1237011946
17311 Stallyn 0 0 1236918534
17312 Dawk 36 0 1329603350
17313 Tregal 4 0 1237004120
17314 Hortur 99 0 1283113764
17315 Hatunike 3 0 1242793231
17316 Softagin 1 0 1237601817
17317 Zinjin 9 0 1303177264
17318 Rommio 21 0 1266422570
17319 Jooliett 4 0 1239205436
17320 Myora 1 0 1250789352
17321 Ish 2 0 1238176551
17322 Percival 2 0 1238178333
17323 Ramuel 7 0 1238959573
17324 Ukinu 2 0 1238380902
17325 Jafnet 4 0 1238488525
17326 Vanyel 1 0 1238611548
17327 Meda 4 0 1238619685
17328 Dvar 2 0 1288765014
17329 Arthas 12 0 1242326465
17330 Nuxx 62 0 1325481476
17331 Pokee 1 0 1299117082
17332 Pokey 1 0 1239336980
17333 Pokeee 99 0 1329701807
17334 Otun 80 0 1324785282
17335 Kaza 19 0 1242226513
17336 Tiko 7 0 1270098721
17337 Jooliet 1 0 1240873090
17338 Valentinian 1 0 1239592379
17339 Xoxx 48 0 1326736894
17340 Esnop 16 0 1322404639
17341 Qwillis 1 0 1240162247
17342 Fernius 78 0 1329788589
17343 Gumbyy 54 0 1324417386
17344 Welfen 36 0 1240444323
17345 Aldon 49 0 1300312720
17346 Krahg 1 0 1240590953
17347 Elik 1 0 1240602160
17348 Aienz 12 0 1241298686
17349 Alawen 46 0 1300312744
17350 Lounch 13 0 1262104448
17351 Scobble 1 0 1241064041
17352 Scottle 1 0 1241064033
17353 Filaar 1 0 1241249619
17354 Xiros 1 0 1241341598
17355 Mosix 27 0 1322407790
17356 Platin 1 0 1241716675
17357 Gigle 0 0 1241756796
17358 Luyce 1 0 1241910084
17359 Kacor 24 0 1325124226
17360 Aldesh 4 0 1242326430
17361 Enishgoondosh 5 0 1242793320
17362 Ryuikari 1 0 1276092407
17363 Skaar 4 0 1242746433
17364 Barbatos 3 0 1242751397
17365 Nialls 4 0 1242795868
17366 Vanrash 5 0 1247959228
17367 Bakaras 13 0 1244724152
17368 Drevlan 1 0 1243628195
17369 Pai 1 0 1243887542
17370 Jamer 4 0 1244409482
17371 Arakar 1 0 1244115943
17372 Xandrol 3 0 1244148148
17373 Birdy 16 0 1256059717
17374 Zilthinikar 4 0 1244358974
17375 Minako 2 0 1244572891
17376 Invalid 1 0 1249275033
17377 Cozt 35 0 1329697208
17378 Cnas 67 0 1329768708
17379 Sair 1 0 1306378278
17380 Keira 1 0 1250727325
17381 Aurican 1 0 1246584603
17382 Fervel 1 0 1247036002
17383 Tolbrj 99 0 1329772187
17384 Sorak 99 0 1329754868
17385 Pastaii 1 0 1247198127
17386 Pastaiii 1 0 1247198122
17387 Pastaiiii 1 0 1260942227
17388 Pastaiiiii 1 0 1247198112
17389 Pastaiiiiii 1 0 1247198107
17390 Pastaiiiiiii 1 0 1247198089
17391 Pastaiiiiiiii 1 0 1247198081
17392 Pastaiiiiiiiii 1 0 1247198077
17393 Pastaiiiiiiiiii 1 0 1247198071
17394 Pastaiiiiiiiiiii 1 0 1247198062
17395 Tset 1 0 1247373547
17396 Laor 1 0 1275716588
17397 Devar 3 0 1288765043
17398 Devartwopointo 1 0 1247601755
17399 Gluke 7 0 1247619666
17400 Pler 1 0 1247978395
17401 Nevets 1 0 1247941497
17402 Sarq 71 0 1313596637
17403 Fernley 39 0 1329544418
17404 Wabi 1 0 1248567992
17405 Vidar 68 0 1329287053
17406 Felk 99 0 1328999579
17407 Arvan 12 0 1248567991
17408 Aldreth 12 0 1248567991
17409 Cnuck 99 0 1329494628
17410 Idin 6 0 1248567992
17411 Ekklesia 19 0 1248666899
17412 Xawk 99 0 1329714182
17413 Levlar 35 0 1325123998
17414 Ogawk 99 0 1329714182
17415 Dezin 35 0 1248568090
17416 Deziny 1 0 1247974750
17417 Prin 35 0 1248568078
17418 Grrk 6 0 1311288008
17419 Hoss 8 0 1248567991
17420 Orn 9 0 1248567991
17421 Ehhhlisa 12 0 1248840337
17422 Urak 16 0 1248567993
17423 Nith 17 0 1248567992
17424 Valden 8 0 1315925831
17425 Athualpal 2 0 1322488449
17426 Ferv 9 0 1325613387
17427 Radiv 30 0 1328160785
17428 Mtn 6 0 1325617758
17429 Forg 5 0 1248576025
17430 Doka 10 0 1248589818
17431 Runrup 99 0 1328237556
17432 Doo 1 0 1327190009
17433 Blar 1 0 1248587027
17434 Tul 28 0 1329768560
17435 Lycen 1 0 1292771759
17436 Iakus 11 0 1325124150
17437 Runilu 31 0 1267064715
17438 Tredx 2 0 1249520235
17439 Alron 1 0 1249390986
17440 Clern 3 0 1292782171
17441 Lifemage 1 0 1249671745
17442 Darnay 1 0 1249513690
17443 Filariel 1 0 1273558503
17444 Hecus 9 0 1249671910
17445 Pahtbelli 99 0 1320554787
17446 Hykaro 3 0 1322488322
17447 Jygaro 10 0 1293145617
17448 Teodre 1 0 1253307577
17449 Pootibooti 2 0 1249884103
17450 Plink 1 0 1249973108
17451 Knerl 1 0 1250139211
17452 Caglione 9 0 1250954680
17453 Onei 12 0 1250944130
17454 Zerian 9 0 1250954658
17455 Briste 6 0 1250940685
17456 Marini 20 0 1252444426
17457 Qunos 1 0 1250740981
17458 Zimmerack 0 0 1250881978
17459 Hargle 1 0 1250905522
17460 Freggle 1 0 1250972432
17461 Zealon 6 0 1251603526
17462 Prakus 1 0 1251246919
17463 Salochin 1 0 1259124877
17464 Delbass 17 0 1251866196
17465 Beassi 1 0 1251829251
17466 Fadawah 1 0 1251572890
17467 Toklon 11 0 1252443303
17468 Ehlisssa 1 0 1251829234
17469 Aenton 8 0 1251866357
17470 Baur 17 0 1255474175
17471 Indepman 1 0 1252141801
17472 Rikora 0 0 1252179167
17473 Krog 13 0 1252428220
17474 Nari 6 0 1252381148
17475 Terahn 3 0 1252286943
17476 Terhan 99 0 1315474713
17477 Lacak 58 0 1325123953
17478 Kilren 2 0 1252382263
17479 Kaizen 1 0 1252483799
17480 Chuppe 1 0 1252596971
17481 Cindy 1 0 1252742998
17482 Zetsumei 3 0 1253747189
17483 Zeril 10 0 1307456324
17484 Tanalas 10 0 1254023213
17485 Dudman 2 0 1254433319
17486 Muz 1 0 1254863193
17487 Teaguen 1 0 1254881959
17488 Gerfilda 7 0 1256250908
17489 Kimio 1 0 1254896002
17490 Demonowa 2 0 1255142863
17491 Fnature 25 0 1262514753
17492 Thak 1 0 1325204443
17493 Zod 1 0 1255564085
17494 Vanrapin 1 0 1255906648
17495 Torraper 18 0 1258762236
17496 Gnagash 1 0 1256082332
17497 Orynn 3 0 1256370557
17498 Zzork 34 0 1326742108
17499 Manukyan 1 0 1257060585
17500 Noop 1 0 1257371941
17501 Korah 99 0 1329768972
17502 Pytraell 1 0 1257907178
17503 Azgalor 1 0 1257943544
17504 Torheals 14 0 1258936237
17505 Setra 8 0 1258791885
17506 Gieger 19 0 1261589941
17507 Rieger 14 0 1261589842
17508 Vonae 4 0 1260478530
17509 Tyy 28 0 1262048325
17510 Kria 99 0 1307125582
17511 Wrya 99 0 1307130371
17512 Dieger 1 0 1260058996
17513 Tieger 1 0 1260059219
17514 Nyy 41 0 1262048940
17515 Wyy 7 0 1261589321
17516 Mordac 3 0 1260496782
17517 Boog 1 0 1260577593
17518 Mwt 3 0 1260585498
17519 Zseether 3 0 1260977231
17520 Lilpete 4 0 1260601800
17521 Danath 8 0 1261085631
17522 Mtt 1 0 1260633123
17523 Macattack 3 0 1260633094
17524 Macottack 6 0 1261003028
17525 Zeether 11 0 1261085206
17526 Pieger 26 0 1261611548
17527 Zeethar 2 0 1260977214
17528 Amerak 2 0 1260911232
17529 Wrayth 6 0 1261007154
17530 Aralia 1 0 1261100791
17531 Mayidha 1 0 1261172876
17532 Sligh 99 0 1327197723
17533 Athos 3 0 1261858075
17534 Saigne 1 0 1261863378
17535 Dedgy 1 0 1262048799
17536 Vera 91 0 1329354995
17537 Karnor 3 0 1262546308
17538 Kanos 15 0 1263080428
17539 Vixy 1 0 1266809849
17540 Sandreth 7 0 1264249484
17541 Whtevs 1 0 1263182373
17542 Vaespoony 1 0 1263421253
17543 Kasim 7 0 1263681289
17544 Syrix 4 0 1263679836
17545 Penii 1 0 1263694074
17546 Kaji 10 0 1263782093
17547 Ysa 10 0 1264174142
17548 Sief 86 0 1284087490
17549 Chippolot 4 0 1263787473
17550 Kayin 4 0 1263789157
17551 Doofusface 1 0 1263788084
17552 Yna 10 0 1264187838
17553 Aena 1 0 1264177320
17554 Nyna 8 0 1264261918
17555 Pyxen 96 0 1307128518
17556 Roygor 1 0 1291675957
17557 Rek 1 0 1265139646
17558 Phaz 1 0 1265139948
17559 Vyx 93 0 1307083934
17560 Amato 1 0 1265259143
17561 Syph 11 0 1266836331
17562 Farin 1 0 1265570437
17563 Drail 1 0 1265623079
17564 Anubiz 7 0 1266804561
17565 Venachan 1 0 1266524502
17566 Dwelk 99 0 1268884383
17567 Nero 34 0 1322969909
17568 Vanden 6 0 1303097306
17569 Frakus 3 0 1266650804
17570 Kendo 38 0 1323056031
17571 Yeflin 9 0 1266813421
17572 Darmo 1 0 1266680642
17573 Tyril 39 0 1315474181
17574 Vchaz 56 0 1325124200
17575 Banto 27 0 1323056064
17576 Deederz 7 0 1326258362
17577 Tokabongish 7 0 1274159898
17578 Diadera 13 0 1327040780
17579 Nybla 99 0 1269398321
17580 Deax 99 0 1312774249
17581 Kinto 99 0 1312702466
17582 Laneelot 36 0 1320011472
17583 Zchaz 53 0 1325441995
17584 Macesa 18 0 1295919790
17585 Noobicide 2 0 1267838525
17586 Mancean 7 0 1269203084
17587 Morj 1 0 1268258831
17588 Lyju 75 0 1269442454
17589 Jaylyn 1 0 1268429445
17590 Mowcha 1 0 1268525999
17591 Ximok 2 0 1269114376
17592 Goaah 40 0 1325123889
17593 Horgar 10 0 1312706901
17594 Bruthwol 7 0 1268882309
17595 Ceryt 17 0 1268884455
17596 Ayret 10 0 1268678559
17597 Lujik 26 0 1312774176
17598 Fewsa 12 0 1269402098
17599 Yuedas 23 0 1312774204
17600 Marka 22 0 1269410748
17601 Nada 10 0 1269764706
17602 Ishkabob 1 0 1268856734
17603 Zertha 99 0 1269341436
17604 Zarth 99 0 1269441833
17605 Sumhou 7 0 1280706295
17606 Avre 10 0 1269492576
17607 Loca 1 0 1269147558
17608 Averlei 1 0 1269486616
17609 Nyth 20 0 1312760662
17610 Batozai 6 0 1269965072
17611 Llalaowyn 1 0 1269655329
17612 Prunkhaft 77 0 1303517748
17613 Nakita 72 0 1287532224
17614 Salor 10 0 1269764491
17615 Selen 19 0 1313260177
17616 Solon 19 0 1313258802
17617 Firwin 26 0 1315475105
17618 Kishin 4 0 1270025980
17619 Lanelot 99 0 1323403764
17620 Guinex 1 0 1270201927
17621 Anathrail 2 0 1270602414
17622 Isiac 24 0 1322597457
17623 Pyran 5 0 1322487827
17624 Bycicle 10 0 1322488294
17625 Rainbowstar 12 0 1271531871
17626 Rosslin 9 0 1277082071
17627 Blithy 4 0 1271543928
17628 Sniggles 3 0 1271531860
17629 Xyrx 1 0 1271660319
17630 Ivey 1 0 1272041862
17631 Klil 1 0 1271792938
17632 Yueng 16 0 1272217944
17633 Xank 14 0 1272217946
17634 Carne 1 0 1271943237
17635 Imnotadrow 2 0 1271958148
17636 Gerhalt 22 0 1323226938
17637 Syra 24 0 1326930892
17638 Lanlot 66 0 1323235501
17639 Togar 1 0 1272119231
17640 Bjorn 95 0 1329360777
17641 Aeslynn 1 0 1272185912
17642 Eythne 2 0 1272187411
17643 Vashson 7 0 1310507953
17644 Evonline 8 0 1272672694
17645 Merc 13 0 1322624758
17646 Jasonf 1 0 1272496979
17647 Merk 29 0 1323056308
17648 Hickup 1 0 1273980374
17649 Astriid 1 0 1319871832
17650 Hicuup 1 0 1272816847
17651 Hiccuip 15 0 1274669429
17652 Aestrid 4 0 1273288382
17653 Astrrid 1 0 1272852178
17654 Asstrid 1 0 1272933177
17655 Asttrid 2 0 1272853641
17656 Asstriid 1 0 1272933513
17657 Aasstrid 1 0 1272933581
17658 Aesstrid 3 0 1272943017
17659 Aestriid 12 0 1324256297
17660 Hiiccup 1 0 1273118645
17661 Nolk 12 0 1326736886
17662 Halla 28 0 1313065711
17663 Hicccup 12 0 1273980517
17664 Ratero 2 0 1273792552
17665 Snotlout 1 0 1274149507
17666 Snottlout 1 0 1274149371
17667 Snotloutt 15 0 1274669622
17668 Exco 66 0 1313598238
17669 Havora 13 0 1309876045
17670 Davar 99 0 1329771030
17671 Gid 2 0 1277873506
17672 Deien 19 0 1276714949
17673 Caterpie 3 0 1275113749
17674 Moony 1 0 1275113750
17675 Slyker 1 0 1275245243
17676 Teien 6 0 1275613416
17677 Helt 1 0 1277326416
17678 Laodar 20 0 1275756723
17679 Laoroc 19 0 1275756724
17680 Merl 3 0 1321261950
17681 Carl 30 0 1322970758
17682 Mithos 7 0 1276005505
17683 Mykril 7 0 1276005498
17684 Kroil 24 0 1315070060
17685 Krozil 23 0 1315070061
17686 Shamgar 47 0 1326735156
17687 Shoen 12 0 1277146394
17688 Menche 1 0 1276625493
17689 Bue 13 0 1277692878
17690 Belkin 1 0 1277068294
17691 Magdalemn 1 0 1278048880
17692 Beregel 3 0 1289657580
17693 Krysno 1 0 1278183899
17694 Sepharis 1 0 1278206344
17695 Shino 1 0 1278340034
17696 Nrybrol 1 0 1278863787
17697 Apoc 19 0 1329357416
17698 Barym 28 0 1284093821
17699 Nebuk 1 0 1278974402
17700 Chanuk 29 0 1284093804
17701 Piffaron 99 0 1310248342
17702 Denon 32 0 1304938187
17703 Kelin 4 0 1279126630
17704 Denjian 1 0 1279075332
17705 Rojiro 32 0 1315475200
17706 Piffaroz 94 0 1310248314
17707 Faruja 2 0 1279578725
17708 Arree 2 0 1279431579
17709 Dygone 6 0 1285790637
17710 Winoweth 1 0 1279514455
17711 Chiefton 16 0 1283782288
17712 Zizen 1 0 1279995167
17713 Zawk 54 0 1329714182
17714 Deakeon 11 0 1281758181
17715 Fylae 63 0 1329788591
17716 Rhenlyn 7 0 1288114366
17717 Eberulf 4 0 1280370067
17718 Vicker 1 0 1280546603
17719 Marsul 2 0 1281297362
17720 Daurven 1 0 1281323959
17721 Yog 1 0 1281356889
17722 Illaid 2 0 1281358136
17723 Toro 11 0 1313428733
17724 Ramilas 1 0 1281633922
17725 Gilaim 1 0 1281978566
17726 Agailia 0 0 1282013127
17727 Ravenloft 1 0 1322656443
17728 Solice 1 0 1282123377
17729 Mandar 1 0 1282369862
17730 Zymm 1 0 1282441471
17731 Miika 1 0 1282838234
17732 Ilse 19 0 1302476277
17733 Synn 6 0 1315053112
17734 Aurek 10 0 1285390725
17735 Zynn 15 0 1285027648
17736 Deneve 2 0 1283672802
17737 Ruarc 1 0 1283808090
17738 Gearsen 1 0 1285208570
17740 Genni 41 0 1329354279
17741 Nahla 1 0 1285197217
17742 Kiana 7 0 1285467514
17743 Arbi 1 0 1285260191
17744 Spali 1 0 1286015546
17745 Skullheadface 2 0 1286740627
17746 Kazarith 1 0 1286301376
17747 Aeryn 10 0 1287273164
17748 Deschain 10 0 1287273205
17749 Calic 1 0 1286762673
17750 Kresh 2 0 1286942373
17751 Antiel 2 0 1286942379
17752 Fizter 1 0 1286942809
17753 Weva 9 0 1287995736
17754 Zair 3 0 1287944443
17755 Gorathic 1 0 1288552665
17756 Chole 1 0 1288676102
17757 Zletch 1 0 1288730532
17758 Grachus 2 0 1288732197
17759 Cadess 3 0 1289213679
17772 Tras 4 0 1323652096
17761 Duurlok 1 0 1289503465
17762 Galli 1 0 1289505434
17763 Karome 3 0 1289767988
17764 Vep 1 0 1292633360
17765 Enthroth 19 0 1319202304
17766 Talo 9 0 1306274895
17767 Potbely 1 0 1291608557
17768 Loover 1 0 1290572370
17769 Reverb 1 0 1290702826
17770 Diaz 1 0 1290703816
17771 Herk 28 0 1314679305
17773 Orinn 9 0 1300002379
17796 Smallbooty 1 0 1292616708
17775 Tiniri 1 0 1291062833
17776 Venas 1 0 1291093440
17777 Xox 1 0 1291135182
17778 Banta 25 0 1323056093
17779 Venassth 1 0 1293597312
17780 Venass 1 0 1293597357
17781 Rezin 0 0 1291576610
17782 Cumom 10 0 1292300998
17783 Drayven 3 0 1291597824
17784 Bolin 63 0 1323056244
17785 Nimc 1 0 1291899720
17786 Ziff 9 0 1292300999
17787 Zindel 16 0 1292704934
17788 Herl 50 0 1323403720
17789 Remgirl 1 0 1292004659
17790 Darlic 1 0 1292013340
17791 Ferl 19 0 1321261930
17792 Lukistu 1 0 1292066010
17793 Jaha 3 0 1292710445
17794 Kenda 24 0 1302478329
17795 Caedo 12 0 1296539680
17797 Bigbutey 17 0 1301239722
17798 Damnpriest 1 0 1292618709
17799 Vorok 27 0 1302629578
17800 Herot 9 0 1303359275
17801 Detor 44 0 1324648029
17802 Josheb 2 0 1292782166
17803 Pawk 11 0 1329603350
17804 Awk 1 0 1292896529
17805 Molin 57 0 1323056240
17806 Daivid 2 0 1300472899
17807 Jerl 49 0 1323148969
17808 Hapinyear 1 0 1293851771
17809 Cubazon 1 0 1293864408
17810 Uktena 2 0 1294034570
17811 Katrin 6 0 1297688570
17812 Malician 7 0 1297688530
17813 Acquo 2 0 1294203170
17814 Kokoro 9 0 1297254803
17815 Leaknom 41 0 1324492121
17816 Aeyrdar 3 0 1294660404
17817 Ayex 55 0 1308337096
17818 Azix 57 0 1307922710
17819 Scythus 1 0 1294936589
17820 Etzli 1 0 1294961899
17821 Charneus 1 0 1294961899
17822 Yuni 1 0 1295158526
17823 Fotel 1 0 1295190968
17824 Kamisan 1 0 1295202252
17825 Sama 10 0 1296425651
17826 Joromik 5 0 1295370878
17827 Samma 2 0 1296426466
17828 Talima 1 0 1295591428
17829 Abhir 2 0 1295988737
17830 Vagas 9 0 1300816295
17831 Gimbo 1 0 1296860398
17832 Dareius 3 0 1296326236
17833 Katkar 28 0 1324665412
17834 Delatant 1 0 1296755016
17835 Cooty 99 0 1306889556
17836 Bootey 3 0 1297474232
17837 Iza 25 0 1307336646
17838 Flyp 62 0 1308722438
17839 Dolin 27 0 1323055822
17840 Steelers 1 0 1297043295
17841 Vikinng 1 0 1297043184
17842 Superduperbowl 1 0 1297043185
17843 Agalia 0 0 1297302478
17844 Eothain 1 0 1297342591
17845 Piffaric 99 0 1307488183
17846 Kendin 22 0 1301621993
17847 Trager 2 0 1298061041
17848 Jia 12 0 1300487782
17849 Lya 62 0 1308722439
17850 Titie 35 0 1306846604
17851 Jair 16 0 1300876267
17852 Tashtar 9 0 1306148359
17853 Hikta 15 0 1306405675
17854 Tb 1 0 1298714439
17855 Diabolin 28 0 1323055951
17856 Lioahcim 25 0 1324222726
17857 Kaschtu 16 0 1306406033
17858 Chinok 102 0 1326397843
17859 Bigbootey 0 0 1299725123
17860 Felch 21 0 1326937939
17861 Skm 1 0 1300210170
17862 Bolodex 1 0 1300333495
17863 Gandritus 0 0 1300380427
17864 Saer 15 0 1322412948
17865 Ganondorf 1 0 1300586100
17866 Ribose 1 0 1300586338
17867 Manit 1 0 1300962171
17868 Michaoil 12 0 1323881939
17869 Barrzy 9 0 1305581802
17870 Nems 9 0 1328748355
17871 Nemla 12 0 1301890673
17872 Dethgurg 57 0 1307020158
17873 Piffy 50 0 1306881397
17874 Vaderes 17 0 1317592909
17875 Hiu 1 0 1301764900
17876 Blanka 6 0 1304864327
17877 Vanian 1 0 1301827113
17878 Rosslind 3 0 1301864675
17879 Prairiegirl 39 0 1324856172
17880 Tealjep 4 0 1304212001
17881 Myosotis 1 0 1303591357
17882 Rosslyn 4 0 1312166569
17883 Lawk 53 0 1329714182
17884 Brazkarn 1 0 1303946429
17885 Kreshna 52 0 1307934687
17886 Piffarice 14 0 1305219137
17887 Mero 1 0 1304432777
17888 Merok 3 0 1304433672
17889 Nidalap 41 0 1307133897
17890 Oldfoggeymark 1 0 1304557622
17891 Markdaolefoggey 10 0 1322617914
17892 Malek 4 0 1304814433
17893 Kreshan 10 0 1304804045
17894 Reven 2 0 1304802227
17895 Merrek 2 0 1304858846
17896 Merel 30 0 1305848443
17897 Diapiff 22 0 1306460632
17898 Provicus 2 0 1305048185
17899 Yanecrem 18 0 1306846611
17900 Seren 1 0 1305293899
17901 Cree 7 0 1307022288
17902 Jeska 4 0 1305388577
17903 Meren 1 0 1305490130
17904 Daven 28 0 1309920816
17905 Astorel 1 0 1305783262
17906 Cohor 8 0 1312341591
17907 Amnom 7 0 1312341591
17908 Fawk 5 0 1306694623
17909 Addon 1 0 1306378774
17910 Supercalifragil 4 0 1306623652
17911 Expialidocious 4 0 1306623652
17912 Istic 4 0 1306623652
17913 Shiarrid 2 0 1312752321
17914 Bigbootyehlissa 10 0 1307243276
17915 Supercalifragili 1 0 1306728536
17916 Sticxpalidocious 1 0 1306728543
17917 Hanj 1 0 1306684777
17918 Emawk 12 0 1329603328
17919 Gnolmaj 1 0 1306720398
17920 Dembonz 16 0 1308083965
17921 Belun 6 0 1307475836
17922 Rylin 11 0 1314730220
17923 Tylin 10 0 1314730220
17924 Asss 1 0 1308339637
17925 Burrro 1 0 1308339628
17926 Donckey 1 0 1308340431
17927 Muel 1 0 1308340467
17928 Anturus 1 0 1308523211
17929 Continentalryan 1 0 1308600685
17930 Arry 1 0 1309094131
17931 Ardm 8 0 1309320899
17932 Adunn 15 0 1311398480
17933 Krynn 6 0 1310278543
17934 Addylyn 1 0 1309556069
17935 Rurne 1 0 1309586928
17936 Anir 1 0 1309747357
17937 Velik 5 0 1311398705
17938 Hatachi 1 0 1310680551
17939 Dewic 1 0 1310562811
17940 Valaina 41 0 1329900391
17941 Vazule 1 0 1310607957
17942 Aei 1 0 1310747986
17943 Aeo 1 0 1310747991
17944 Aeu 1 0 1310747984
17945 Buk 1 0 1314424535
17946 Duk 1 0 1314424537
17947 Dorkasaurus 10 0 1311639520
17948 Timpora 1 0 1311031574
17949 Jyde 8 0 1321311051
17950 Myria 1 0 1311372386
17951 Vayne 1 0 1311381117
17952 Yuhen 102 0 1329895389
17953 Ramah 101 0 1329893887
17954 Benj 3 0 1311466204
17955 Gerl 22 0 1321937300
17956 Kalos 1 0 1312209048
17957 Frav 16 0 1329879581
17958 Markaroth 1 0 1312852352
17959 Undar 1 0 1317086193
17960 Amalas 1 0 1314164393
17961 Melika 0 0 1313915749
17962 Haramir 0 0 1314193348
17963 Helge 1 0 1314959491
17964 Berl 21 0 1321262231
17965 Aak 6 0 1320718042
17966 Bak 5 0 1320718040
17967 Cak 5 0 1320718040
17968 Dak 5 0 1320718039
17969 Eak 5 0 1320718040
17970 Fak 5 0 1320718040
17971 Gak 5 0 1320718040
17972 Hak 5 0 1320718040
17973 Iak 5 0 1320718040
17974 Jak 5 0 1320718040
17975 Kak 5 0 1320718040
17976 Nak 5 0 1320718040
17977 Pak 5 0 1320718040
17978 Qak 5 0 1320718040
17979 Rak 5 0 1320718040
17980 Sak 5 0 1320718040
17981 Tak 5 0 1320718040
17982 Uak 5 0 1320718040
17983 Vak 5 0 1320718040
17984 Wak 5 0 1320718039
17985 Xak 5 0 1320718040
17986 Keman 4 0 1315478699
17987 Lak 5 0 1320718040
17988 Kran 1 0 1316038011
17989 Aek 5 0 1320718042
17990 Bek 5 0 1320718040
17991 Cek 5 0 1320718042
17992 Dek 5 0 1320718042
17993 Eek 5 0 1322286614
17994 Fek 5 0 1320718041
17995 Gek 5 0 1320718041
17996 Hek 5 0 1320718041
17997 Iek 5 0 1320718041
17998 Jek 5 0 1320718041
17999 Kek 5 0 1320718041
18000 Lek 5 0 1320718041
18001 Mek 5 0 1320718041
18002 Nek 5 0 1320718041
18003 Oek 5 0 1320718041
18004 Pek 5 0 1320718041
18005 Qek 5 0 1320718041
18006 Sek 5 0 1320718041
18007 Uek 5 0 1320718040
18008 Vek 5 0 1320718040
18009 Wek 5 0 1320718041
18010 Xek 5 0 1320718040
18011 Yek 5 0 1320718041
18012 Zek 5 0 1320718040
18013 Aik 5 0 1320718038
18014 Bik 5 0 1320718038
18015 Cik 4 0 1320718038
18016 Dik 4 0 1320718038
18017 Eik 4 0 1320718038
18018 Fik 4 0 1320718038
18019 Gik 4 0 1320718038
18020 Hik 4 0 1320718038
18021 Jik 4 0 1320718038
18022 Iik 4 0 1320718038
18023 Kik 4 0 1320718038
18024 Mik 4 0 1320718038
18025 Oik 4 0 1320718038
18026 Pik 4 0 1320718038
18027 Qik 1 0 1320106404
18028 Rik 4 0 1320718038
18029 Uic 1 0 1316315937
18030 Vic 1 0 1316315937
18031 Wic 1 0 1316315937
18032 Xic 1 0 1316315937
18033 Yik 4 0 1320718038
18034 Zik 4 0 1320718038
18035 Atlan 1 0 1316543914
18036 Nerim 1 0 1316740689
18037 Aryk 19 0 1327680363
18038 Naezik 1 0 1317424404
18039 Berret 1 0 1317900266
18040 Puddinhead 96 0 1329710331
18041 Mainard 3 0 1318046039
18042 Tacun 15 0 1320931484
18043 Shammy 1 0 1318139906
18044 Joreq 2 0 1318177016
18045 Crend 1 0 1319580221
18046 Airn 12 0 1324085179
18047 Cirn 12 0 1322538037
18048 Dirn 12 0 1322538037
18049 Eirn 12 0 1322538037
18050 Firn 12 0 1322538037
18051 Girn 12 0 1322538037
18052 Hirn 12 0 1322538037
18053 Iirn 12 0 1323396127
18054 Jirn 11 0 1322538037
18055 Kirn 1 0 1322536406
18056 Farside 1 0 1318664641
18057 Sarl 13 0 1323051208
18058 Kedarev 1 0 1319208058
18059 Rean 1 0 1319545261
18060 Tyrol 1 0 1319562544
18061 Zith 9 0 1320893554
18062 Larz 10 0 1320893546
18063 Skaraki 99 0 1329283094
18064 Rizor 1 0 1320030249
18065 Sik 4 0 1320718038
18066 Tik 4 0 1320718038
18067 Uik 4 0 1320718038
18068 Vik 4 0 1320718038
18069 Wik 4 0 1320718038
18070 Xik 4 0 1320718038
18071 Pular 1 0 1320115381
18072 Kerl 43 0 1323239880
18073 Worstnameever 1 0 1321415733
18074 Dryan 13 0 1326825086
18075 Nomk 37 0 1328229165
18076 Tomturckey 1 0 1322217728
18077 Alek 1 0 1322310463
18078 Munck 10 0 1323219367
18079 Kuna 10 0 1326825102
18080 Jolio 60 0 1329923153
18081 Marlia 57 0 1329923167
18082 Serl 3 0 1323051227
18083 Perl 21 0 1323403714
18084 Adowan 19 0 1329642214
18085 Shaevra 5 0 1327339909
18086 Scunc 4 0 1329787537
18087 Eisa 5 0 1327339907
18088 Joebe 1 0 1323232456
18089 Sarc 1 0 1323254054
18090 Harnv 56 0 1329923153
18091 Ithildieth 11 0 1324229633
18092 Freo 15 0 1329879581
18093 Parsin 1 0 1323652860
18094 Munda 1 0 1323512756
18095 Sticum 28 0 1329696994
18096 Ficas 23 0 1324665412
18097 Pebush 5 0 1324345745
18098 Pegras 4 0 1324089928
18099 Bortal 59 0 1329923153
18100 Peshrub 3 0 1324089925
18101 Raland 1 0 1324668798
18102 Harlie 2 0 1326440763
18104 Ghoa 1 0 1324786480
18105 Kilze 34 0 1329363118
18106 Rinoa 24 0 1329547523
18107 Glawk 1 0 1326178155
18108 Nou 11 0 1327301085
18109 Snykr 1 0 1326258146
18110 Ukos 1 0 1326358940
18111 Moonda 42 0 1329923153
18112 Hecubus 1 0 1326562750
18113 Foldi 1 0 1326902984
18114 Bawk 99 0 1329624583
18115 Giigan 1 0 1327386909
18116 Antiak 26 0 1329881632
18117 Kaeryn 1 0 1328584269
18118 Rescindium 0 0 1328912892
18119 Pewhen 20 0 1329105598
18120 Lenga 1 0 1329264689
~
