15563 Zarvey 1 0 1181967073
14334 Zench 15 0 1170529753
15563 Zarvey 1 0 1170529669
15224 Zep 25 0 1170529804
13344 Xxur 99 0 1159048080
6068 Hethor 99 0 1178338316
6345 Zanthor 99 0 1159047930
7454 Xanthor 99 0 1159047930
7252 Xanin 99 0 1159047650
7747 Cryonok 99 0 1159048080
5934 Trinok 99 0 1083678992
5954 Zynok 99 0 1099723615
6190 Xellulos 99 0 1109017971
9832 Naifa 44 0 1023671371
9887 Naithla 12 0 1023090104
9852 Nokki 26 0 1023090101
9872 Maladamas 16 0 1023050380
15699 Dakkie 14 0 1179289391
16422 Mifaly 17 0 1182194953
16489 Nocer 16 0 1182194935
14485 Aldon 39 0 1159736658
13521 Cerworn 99 0 1204270768
13521 Cerworn 99 0 1204270768
